R = 25
X |Y	|Convexity Int.        | Minimum Int.
28	28	+2.2852635205e+001	-1.7051059055e-003
28	29	+2.2475600570e+001	-1.4406038164e-003
28	30	+2.3605465858e+001	-1.9324034152e-003
28	31	+2.4523511642e+001	-2.9953928105e-003
28	32	+2.4978360050e+001	-4.2697129357e-003
28	33	+2.6081877771e+001	-4.8781754338e-003
28	34	+2.6522970105e+001	-3.6597542013e-003
28	35	+2.6749258761e+001	-1.7544251803e-003
28	36	+2.7053870352e+001	-1.8096305071e-003
28	37	+2.6694722313e+001	-1.5806469294e-003
28	38	+2.6704493378e+001	+1.2904492578e-003
28	39	+2.6507350238e+001	+2.3313806747e-003
28	40	+2.7295394382e+001	+7.3982492858e-005
28	41	+2.6571842784e+001	-1.7471235200e-003
28	42	+2.6252401013e+001	-2.2149060240e-003
28	43	+2.6101762454e+001	-4.1596198427e-003
28	44	+2.5106879908e+001	-4.9101045407e-003
28	45	+2.4623701150e+001	-4.2145224668e-003
28	46	+2.2614505719e+001	+4.3166956028e-003
28	47	+2.2349381068e+001	+9.3572706300e-003
28	48	+2.1047326566e+001	+4.9764239718e-003
28	49	+1.9596847715e+001	-1.4216924166e-003
28	50	+1.7211215865e+001	-3.7704757543e-003
28	51	+1.4631656215e+001	-1.5727109286e-003
28	52	+1.3004922060e+001	+1.4089357317e-003
28	53	+1.1709650708e+001	+3.2309605059e-003
28	54	+1.0048190311e+001	+3.6428378363e-003
28	55	+8.2137567849e+000	+1.8502295324e-003
28	56	+5.9355499016e+000	-2.0646368245e-003
28	57	+3.4326240167e+000	-4.1567561410e-003
28	58	+1.1972399104e+000	-3.5487507617e-003
28	59	-1.3131943338e+000	-1.0199379527e-003
28	60	-3.5188421070e+000	+2.2928867534e-003
28	61	-5.8689503080e+000	+4.0356329266e-003
28	62	-7.2157172371e+000	+2.3856630407e-003
28	63	-7.7794284096e+000	-7.9199100113e-004
28	64	-9.5169163093e+000	-2.1439876354e-003
28	65	-1.1862594217e+001	-4.7078531434e-004
28	66	-1.2532263606e+001	+1.6229376210e-003
28	67	-1.3720918221e+001	+1.4984308406e-003
28	68	-1.4379555364e+001	+1.1389484244e-004
28	69	-1.6012327743e+001	-7.7111664500e-005
28	70	-1.6297024795e+001	+4.2874645740e-004
28	71	-1.6756505547e+001	+3.3341564165e-004
28	72	-1.8012264064e+001	+1.1104276236e-004
28	73	-1.8929918341e+001	+2.7011958765e-004
28	74	-2.0094781234e+001	+9.8771428007e-004
28	75	-2.0614929962e+001	+4.4203706458e-004
28	76	-2.1376937012e+001	-5.5889910265e-004
28	77	-2.1770135655e+001	-3.2998479920e-004
28	78	-2.1153454397e+001	-5.2315716504e-004
28	79	-2.2283572788e+001	-9.4445112963e-004
28	80	-2.2949542959e+001	-1.0583064509e-003
28	81	-2.2624015321e+001	-1.1182635554e-003
28	82	-2.3232865576e+001	-5.2649361350e-004
28	83	-2.4700828070e+001	+1.9634758863e-004
28	84	-2.5268084240e+001	+9.6535002001e-005
28	85	-2.5089054981e+001	-2.5457815347e-004
28	86	-2.5182579180e+001	+6.9870164596e-005
28	87	-2.5671139362e+001	+2.6189377852e-004
28	88	-2.6108400976e+001	-1.9914535174e-004
28	89	-2.6449410183e+001	-3.7933398603e-004
28	90	-2.7426669472e+001	+2.9549329489e-004
28	91	-2.8211346749e+001	+7.1777655040e-004
28	92	-2.8637743376e+001	+5.8947630405e-004
28	93	-2.8485558744e+001	+1.4042973534e-003
28	94	-2.9139304727e+001	+1.2341393734e-003
28	95	-2.9451295520e+001	-3.0103037950e-004
28	96	-2.9726709349e+001	-1.2921621786e-003
28	97	-3.0391676539e+001	-3.8132245959e-004
28	98	-3.0625547802e+001	+1.7269027510e-004
28	99	-3.0479499396e+001	-1.1432913484e-003
28	100	-3.0246149088e+001	-1.8219985239e-003
28	101	-3.0591925159e+001	-1.5941416148e-003
28	102	-3.1389502374e+001	-1.6175410997e-003
28	103	-3.1819888997e+001	-2.6273596615e-003
28	104	-3.1670341500e+001	-2.7037227933e-003
28	105	-3.1856884928e+001	-1.5020807777e-003
28	106	-3.1864257881e+001	-1.0954785852e-003
28	107	-3.1974542373e+001	-9.7605292303e-004
28	108	-3.2011402441e+001	-1.9322812571e-004
28	109	-3.2605764263e+001	+5.8957682009e-004
28	110	-3.3037814080e+001	+8.9032210341e-004
28	111	-3.3184263464e+001	+9.8433198027e-005
28	112	-3.2758467451e+001	-8.5332412084e-004
28	113	-3.2843893701e+001	-1.4780231574e-003
28	114	-3.3089782430e+001	-2.3499869461e-003
28	115	-3.3412125303e+001	-8.1431080327e-004
28	116	-3.3021496807e+001	+3.0069266992e-004
28	117	-3.3051965156e+001	+7.4631992540e-004
28	118	-3.2491513110e+001	+1.4250507216e-003
28	119	-3.2032600328e+001	+5.5163470864e-004
28	120	-3.2540803754e+001	+6.0770976408e-004
28	121	-3.2278425430e+001	+3.5148437384e-004
28	122	-3.0799691973e+001	-1.2201112599e-003
28	123	-3.0001658499e+001	-9.3868144813e-004
28	124	-2.9327775449e+001	-3.9176631544e-004
28	125	-2.8737174671e+001	+1.2961841651e-003
28	126	-2.7841240691e+001	+3.3444989714e-003
28	127	-2.6481876379e+001	+2.0181515487e-003
28	128	-2.4870959363e+001	+2.9277417732e-004
28	129	-2.3482597815e+001	+5.9122887110e-005
28	130	-2.1929664869e+001	+4.8834251255e-004
28	131	-2.1150955923e+001	+5.6661777845e-004
28	132	-1.8985670676e+001	-1.2187434844e-003
28	133	-1.6320261149e+001	-3.4145276045e-003
28	134	-1.4614266916e+001	-2.7350272438e-003
28	135	-1.3783846898e+001	-1.8742976394e-003
28	136	-1.2391181889e+001	-2.3018722929e-003
28	137	-9.0133297129e+000	-3.9107024413e-003
28	138	-5.7443494367e+000	-5.3438319112e-003
28	139	-4.1019270862e+000	-3.2674054201e-003
28	140	-1.6780384945e+000	-5.7223965412e-004
28	141	-1.1453677959e-001	+2.2282985692e-004
28	142	+6.7704576942e-001	+9.9637851459e-006
28	143	+1.4040528321e+000	-4.9991884261e-004
28	144	+3.9956940447e+000	+4.3587904128e-006
28	145	+7.2194835579e+000	+6.5743160120e-004
28	146	+9.1094665391e+000	-1.3073233556e-003
28	147	+9.8497284241e+000	-1.5956383801e-003
28	148	+1.0819980577e+001	+2.8062157466e-003
28	149	+1.1699663213e+001	+3.9614821902e-003
28	150	+1.3324765630e+001	+1.3060031021e-003
28	151	+1.3573330092e+001	+2.5400515205e-003
28	152	+1.5405476161e+001	+4.5958479240e-003
28	153	+1.7921438995e+001	+3.5131445103e-003
28	154	+1.8851790566e+001	+3.5105712858e-003
28	155	+1.8625286402e+001	+6.0089049151e-003
28	156	+1.8903506000e+001	+7.4703160156e-003
28	157	+1.9426606094e+001	+5.7330332069e-003
28	158	+1.9378754299e+001	+4.4228965216e-003
28	159	+1.9024445502e+001	+3.7542603032e-003
28	160	+2.0812644639e+001	+3.1801023870e-003
28	161	+2.1205900969e+001	+3.2080351222e-003
28	162	+2.1492622049e+001	+3.8411095147e-003
28	163	+2.1643223501e+001	+3.1301426632e-003
28	164	+2.1373369650e+001	+1.3309351383e-003
28	165	+2.1282632829e+001	-9.9644782720e-004
28	166	+2.1934159841e+001	-2.5300698439e-003
28	167	+2.3564703911e+001	-5.0948390999e-003
28	168	+2.2719453487e+001	-7.5339565641e-003
28	169	+2.1855351880e+001	-6.5870948114e-003
28	170	+1.8174727314e+001	-4.1239100248e-003
28	171	+1.4666060095e+001	-4.3582798298e-003
28	172	+1.7419573986e+001	-8.1889585417e-003
29	28	+2.3550593860e+001	-2.2720034180e-003
29	29	+2.3614489005e+001	-7.4601166848e-004
29	30	+2.3919898370e+001	-1.1898841464e-003
29	31	+2.5687359002e+001	-2.5945580756e-003
29	32	+2.6599251389e+001	-6.0284593055e-003
29	33	+2.6380136611e+001	-5.6917818772e-003
29	34	+2.6023150339e+001	-2.3483186622e-003
29	35	+2.6317643245e+001	-9.1729547240e-004
29	36	+2.7394766402e+001	-3.0106470953e-003
29	37	+2.7554627240e+001	-2.8141059836e-003
29	38	+2.7417107912e+001	-1.4347942394e-004
29	39	+2.7329793784e+001	+1.9083439654e-003
29	40	+2.6392271290e+001	+1.8066131098e-003
29	41	+2.5988435313e+001	-2.6806826320e-004
29	42	+2.5233429460e+001	-2.6852213523e-003
29	43	+2.5102176172e+001	-4.0696837050e-003
29	44	+2.4397417904e+001	-6.2191018104e-003
29	45	+2.3254037689e+001	-4.3923132948e-003
29	46	+2.1209360946e+001	+2.0658726933e-003
29	47	+1.9265019877e+001	+8.0780940204e-003
29	48	+1.8113623484e+001	+3.8864808925e-003
29	49	+1.6717476171e+001	-2.4418931005e-003
29	50	+1.3675388765e+001	-4.4868596109e-003
29	51	+1.1504728905e+001	-2.7625943625e-003
29	52	+8.8656571944e+000	+1.9573441948e-004
29	53	+7.5145137797e+000	+2.0487296781e-003
29	54	+5.6352125031e+000	+2.8048198719e-003
29	55	+3.5574620737e+000	+1.4982910424e-003
29	56	+1.4767922596e+000	-1.3438153263e-003
29	57	-1.4511522002e+000	-3.4777972188e-003
29	58	-3.5848549174e+000	-3.4653756275e-003
29	59	-6.1539023386e+000	-4.9579047343e-004
29	60	-8.6761267826e+000	+3.4884186989e-003
29	61	-9.8586653488e+000	+5.0446899140e-003
29	62	-1.0708748415e+001	+2.0454210413e-003
29	63	-1.1963881303e+001	-1.0426839263e-003
29	64	-1.3765001426e+001	-1.5396946174e-003
29	65	-1.5118803674e+001	+8.5289551292e-004
29	66	-1.4937686173e+001	+1.9799142279e-003
29	67	-1.6340465601e+001	+1.0219746382e-003
29	68	-1.6943808367e+001	+4.4201467557e-005
29	69	-1.8227634798e+001	-3.1876132595e-004
29	70	-1.8814042381e+001	+7.0687465694e-004
29	71	-1.8463738389e+001	+5.4046839625e-004
29	72	-1.9250820191e+001	+3.2343766786e-004
29	73	-1.9653110544e+001	+5.5209348704e-004
29	74	-2.0835679693e+001	+1.0932339468e-003
29	75	-2.1724739413e+001	+8.3276056738e-004
29	76	-2.2789015733e+001	+5.0199380645e-004
29	77	-2.2366777099e+001	+3.9363575053e-004
29	78	-2.1917594074e+001	-2.2364916830e-004
29	79	-2.2391381588e+001	-9.2078085828e-004
29	80	-2.2995056473e+001	-1.0422062327e-003
29	81	-2.3421808035e+001	-7.9514584824e-004
29	82	-2.3674846987e+001	+4.6149262360e-004
29	83	-2.3895718742e+001	+7.5501610320e-004
29	84	-2.4469115356e+001	-2.2015173128e-004
29	85	-2.4646093948e+001	-3.4579485309e-004
29	86	-2.4546922826e+001	-7.2564680830e-005
29	87	-2.5075692383e+001	-2.5838995385e-004
29	88	-2.5480606141e+001	-4.2070637245e-004
29	89	-2.5708557679e+001	-8.1922738585e-005
29	90	-2.5419924988e+001	+7.2601460897e-004
29	91	-2.5688394386e+001	+2.3100478671e-004
29	92	-2.6630249600e+001	+2.7569697222e-004
29	93	-2.6648383183e+001	+9.5726423530e-004
29	94	-2.7010545371e+001	+8.4848884245e-004
29	95	-2.7428988160e+001	-4.4989646827e-004
29	96	-2.7915074926e+001	-1.3772198066e-003
29	97	-2.7897495202e+001	-2.7106472876e-004
29	98	-2.8152194319e+001	+4.1938209446e-004
29	99	-2.7798689384e+001	-4.9907974500e-004
29	100	-2.8039143552e+001	-1.5419442222e-003
29	101	-2.8658256754e+001	-1.6071269501e-003
29	102	-2.9519601590e+001	-8.6063139382e-004
29	103	-3.0053898661e+001	-1.2481854569e-003
29	104	-2.9755061882e+001	-2.1000549846e-003
29	105	-2.9452138536e+001	-2.3342543377e-003
29	106	-2.9620583898e+001	-2.5764793475e-003
29	107	-2.9620940981e+001	-2.4291649734e-003
29	108	-3.0243232297e+001	-1.7386860237e-003
29	109	-3.0913282222e+001	-5.1196768043e-005
29	110	-3.1452342920e+001	+1.1402390262e-003
29	111	-3.1479835698e+001	+1.8566910471e-004
29	112	-3.1414734006e+001	-6.2491820879e-004
29	113	-3.1527162136e+001	-8.7135678294e-004
29	114	-3.1575161719e+001	-1.7894531930e-003
29	115	-3.1921845086e+001	-1.3384465728e-003
29	116	-3.2534106598e+001	+1.9220557124e-004
29	117	-3.2763974844e+001	+5.0699729799e-004
29	118	-3.2629707361e+001	+6.6459307264e-004
29	119	-3.2747418865e+001	+1.5016995175e-003
29	120	-3.3071179581e+001	+1.4026096494e-003
29	121	-3.2426969298e+001	+1.1686783802e-003
29	122	-3.1767024825e+001	-3.9273453962e-004
29	123	-3.1912156127e+001	-1.6283823811e-003
29	124	-3.1623047079e+001	-1.1457518107e-003
29	125	-3.1715259704e+001	+1.0537893414e-003
29	126	-3.1395810367e+001	+4.0010877313e-003
29	127	-3.0862765948e+001	+4.9809151077e-003
29	128	-2.8510856199e+001	+2.3491706859e-003
29	129	-2.7677095566e+001	+7.0217301015e-005
29	130	-2.7074835017e+001	+9.4829723190e-004
29	131	-2.6440801256e+001	+1.7107311219e-003
29	132	-2.4486937440e+001	+1.1008127672e-003
29	133	-2.1653436030e+001	-7.4093170359e-004
29	134	-2.0674042746e+001	-1.0179745964e-003
29	135	-2.0369371152e+001	+7.6674677721e-004
29	136	-1.8621397781e+001	+6.5557131651e-004
29	137	-1.5275317203e+001	-1.5686968719e-003
29	138	-1.1937543203e+001	-3.9649114086e-003
29	139	-1.0532436093e+001	-2.9053450121e-003
29	140	-8.3379690874e+000	+1.5420168704e-005
29	141	-5.7670306549e+000	-7.9762889306e-004
29	142	-4.4986351230e+000	-2.6087035328e-003
29	143	-4.2792265198e+000	-2.0369103016e-003
29	144	-4.7018119255e-001	-2.5119810892e-003
29	145	+2.9389598301e+000	-3.6504926520e-003
29	146	+4.5507164806e+000	-4.2816325573e-003
29	147	+4.8876795606e+000	-2.7165707680e-003
29	148	+6.8603745546e+000	+1.0910838641e-003
29	149	+8.5397128181e+000	+2.1493010387e-003
29	150	+9.1860215555e+000	+5.3850730551e-004
29	151	+1.0493901777e+001	+1.0858457684e-003
29	152	+1.2333298203e+001	+4.0575387265e-003
29	153	+1.4385135006e+001	+5.8959979588e-003
29	154	+1.5162525451e+001	+4.8071538031e-003
29	155	+1.5372338182e+001	+5.6049049721e-003
29	156	+1.6832425148e+001	+5.6143118230e-003
29	157	+1.8099290176e+001	+4.3529051962e-003
29	158	+1.7769121405e+001	+4.6828974891e-003
29	159	+1.8216695924e+001	+4.8744393023e-003
29	160	+1.9366936458e+001	+4.4234385650e-003
29	161	+1.9677602442e+001	+3.6824637187e-003
29	162	+2.0688305181e+001	+2.4626131426e-003
29	163	+2.1592566809e+001	+2.1330533198e-003
29	164	+2.1459840812e+001	+1.6759114610e-003
29	165	+2.1107091782e+001	+7.7262308116e-004
29	166	+2.0592050858e+001	+1.2201744594e-003
29	167	+2.1870028964e+001	-1.6824042664e-003
29	168	+2.1823451375e+001	-6.0542965348e-003
29	169	+2.2145237183e+001	-6.7723257437e-003
29	170	+1.9742973712e+001	-3.2092821795e-003
29	171	+1.6693891946e+001	-3.3221514939e-003
29	172	+1.9601177487e+001	-6.7745036247e-003
30	28	+2.4726811117e+001	-4.6844153680e-003
30	29	+2.5206872114e+001	-3.3392411078e-003
30	30	+2.5458382242e+001	-7.4328406862e-005
30	31	+2.6637106560e+001	-2.0099082399e-003
30	32	+2.7704730136e+001	-4.8752145315e-003
30	33	+2.7110886071e+001	-4.6020859784e-003
30	34	+2.7300766360e+001	-3.1584437465e-003
30	35	+2.7297977764e+001	-2.8089285503e-003
30	36	+2.7651556006e+001	-3.1581747994e-003
30	37	+2.7691754634e+001	-1.7218543757e-003
30	38	+2.7979537271e+001	-6.4234688078e-005
30	39	+2.8070078009e+001	+3.8444142467e-004
30	40	+2.6727080937e+001	+2.1807594498e-003
30	41	+2.5571670943e+001	+9.2090190981e-004
30	42	+2.5281157830e+001	-2.3671827204e-003
30	43	+2.4282220322e+001	-2.8523083284e-003
30	44	+2.3338336629e+001	-4.9148758778e-003
30	45	+2.1381317325e+001	-4.1320342205e-003
30	46	+1.9241286696e+001	+6.4668873782e-004
30	47	+1.6605828215e+001	+5.0856549795e-003
30	48	+1.4861767752e+001	+4.2636659219e-003
30	49	+1.2991829574e+001	+6.7256516237e-005
30	50	+1.0617528488e+001	-2.1792018758e-003
30	51	+7.9527512787e+000	-2.4133380239e-003
30	52	+5.7497776289e+000	-1.4505734473e-003
30	53	+3.4223623205e+000	+2.1792648576e-005
30	54	+1.1204272426e+000	+1.8954014517e-003
30	55	-1.0725102389e+000	+2.2619403236e-003
30	56	-3.2096010988e+000	+2.3579696349e-004
30	57	-4.9671908994e+000	-2.3831150993e-003
30	58	-7.7028646192e+000	-2.3184849554e-003
30	59	-1.0435623689e+001	+9.1012456200e-004
30	60	-1.2623989460e+001	+5.2552134797e-003
30	61	-1.2736293481e+001	+4.6789852851e-003
30	62	-1.2968939608e+001	+1.3450564886e-003
30	63	-1.4777716518e+001	-4.0658501630e-004
30	64	-1.6343322837e+001	-6.1701690660e-004
30	65	-1.7263961087e+001	+1.3754334391e-003
30	66	-1.7417327195e+001	+2.5343446966e-003
30	67	-1.7423006057e+001	+1.5751569963e-003
30	68	-1.8638951957e+001	+3.6070711232e-004
30	69	-2.0011732166e+001	-6.8347503378e-004
30	70	-2.0288274100e+001	-2.0787194200e-004
30	71	-1.9698717904e+001	+5.8169096897e-004
30	72	-1.8726072405e+001	+1.1144463859e-004
30	73	-1.9134182466e+001	+1.0896161586e-004
30	74	-2.0766817579e+001	-4.6699751313e-005
30	75	-2.2257047481e+001	+6.9619848686e-004
30	76	-2.2258660334e+001	+1.2992189363e-003
30	77	-2.1705804290e+001	+2.7340974821e-004
30	78	-2.1325875548e+001	-2.8134248675e-005
30	79	-2.1679239760e+001	-2.6785677853e-004
30	80	-2.2281368880e+001	-2.3663950362e-004
30	81	-2.2964648455e+001	+7.2941201584e-004
30	82	-2.2584468250e+001	+1.4447930391e-003
30	83	-2.2218269479e+001	+9.4174375848e-004
30	84	-2.2948305631e+001	-3.2577825968e-004
30	85	-2.3485756668e+001	-2.3477206872e-004
30	86	-2.3098912171e+001	+7.7403016258e-005
30	87	-2.3386584984e+001	-9.6294530379e-005
30	88	-2.3861909083e+001	+1.9211180086e-004
30	89	-2.3723880211e+001	+6.5207541305e-004
30	90	-2.3006529370e+001	+3.2582093567e-004
30	91	-2.3686893027e+001	+4.7823449266e-004
30	92	-2.4427645475e+001	+6.6296176737e-004
30	93	-2.4553054719e+001	+3.7247745887e-004
30	94	-2.4192730914e+001	+9.5042812735e-006
30	95	-2.4485775292e+001	-7.6406104017e-004
30	96	-2.5080938034e+001	-5.8975876757e-004
30	97	-2.5181714200e+001	+6.7372969032e-005
30	98	-2.5023967780e+001	+1.6596276310e-004
30	99	-2.4689078997e+001	-1.1664313745e-004
30	100	-2.5213956372e+001	-9.5653708560e-004
30	101	-2.6135440397e+001	-1.0616220350e-003
30	102	-2.6753306975e+001	-5.1296364705e-004
30	103	-2.6760642713e+001	-5.7603251707e-004
30	104	-2.6514335907e+001	-1.7933420428e-003
30	105	-2.6530081710e+001	-3.1166461624e-003
30	106	-2.6781340432e+001	-2.4822231402e-003
30	107	-2.6521219723e+001	-1.5978056071e-003
30	108	-2.6651676221e+001	-1.4514221961e-003
30	109	-2.7584246654e+001	-3.4930614293e-004
30	110	-2.8759375760e+001	+6.5587474057e-004
30	111	-2.8742798367e+001	+9.2675212773e-004
30	112	-2.8500358331e+001	+4.9809246916e-004
30	113	-2.8436220607e+001	-3.3570445783e-004
30	114	-2.7909872876e+001	-7.8675568800e-004
30	115	-2.8185840114e+001	-1.2917791601e-003
30	116	-2.9078556605e+001	-9.3558705480e-004
30	117	-3.0003856563e+001	-5.6083486732e-004
30	118	-3.0223455233e+001	-7.8402893360e-004
30	119	-3.0951677504e+001	+3.4080255701e-004
30	120	-3.0795344884e+001	+5.2024433128e-004
30	121	-3.0367821196e+001	-5.5614298336e-004
30	122	-3.0533338786e+001	-9.2862459384e-004
30	123	-3.1219673408e+001	-1.6157244709e-003
30	124	-3.1120791906e+001	-1.3959242488e-003
30	125	-3.1130353719e+001	-4.6493784388e-004
30	126	-3.1397839933e+001	+1.4844855718e-003
30	127	-3.0980497918e+001	+4.1676220590e-003
30	128	-2.9584773478e+001	+2.7096729349e-003
30	129	-2.8887570093e+001	-6.3719154918e-004
30	130	-2.9255973291e+001	-5.7578290713e-004
30	131	-2.9254595674e+001	+8.2184298117e-004
30	132	-2.7637592798e+001	+2.0519489162e-003
30	133	-2.6308257648e+001	+2.1366205865e-003
30	134	-2.5040753396e+001	+1.4811773830e-003
30	135	-2.4988136421e+001	+3.6271181058e-003
30	136	-2.2759724028e+001	+4.1808029841e-003
30	137	-2.0415722200e+001	+2.7056815829e-003
30	138	-1.7863903665e+001	+1.5985869825e-004
30	139	-1.6603354202e+001	-4.8865557686e-004
30	140	-1.4136268147e+001	+1.7380661593e-003
30	141	-1.2365964302e+001	+1.3724783905e-003
30	142	-1.0325836375e+001	-6.1546927461e-004
30	143	-9.5370590149e+000	-4.0585112638e-004
30	144	-6.5825753295e+000	-1.0582173499e-003
30	145	-3.0768365460e+000	-2.4253118239e-003
30	146	-1.6421309794e+000	-2.4793152659e-003
30	147	-3.1750215779e-002	-2.4816885316e-003
30	148	+2.6297385939e+000	-2.4003139118e-003
30	149	+4.9350797362e+000	-9.2563475438e-004
30	150	+5.2937152077e+000	+1.9343650167e-004
30	151	+7.3728187742e+000	-3.5152194966e-004
30	152	+9.5119246290e+000	+9.9322431060e-004
30	153	+1.1688976094e+001	+3.0513848738e-003
30	154	+1.1922715561e+001	+2.6351664561e-003
30	155	+1.2609426369e+001	+7.8686420002e-004
30	156	+1.4690817997e+001	-3.2716903166e-004
30	157	+1.6026722326e+001	+1.4039304918e-003
30	158	+1.6608989956e+001	+3.9667599935e-003
30	159	+1.7135997295e+001	+4.3070525585e-003
30	160	+1.7946373774e+001	+4.3201200864e-003
30	161	+1.8434309545e+001	+3.2007347275e-003
30	162	+1.9690184482e+001	+2.6666857193e-003
30	163	+1.9834165630e+001	+4.1411693720e-003
30	164	+2.0767078786e+001	+1.8468418906e-003
30	165	+1.9224766270e+001	+2.1513934203e-004
30	166	+1.9687786308e+001	+4.2912322046e-004
30	167	+2.1402957515e+001	+2.9971526276e-004
30	168	+2.2120602081e+001	-2.3996579128e-003
30	169	+2.3327382547e+001	-4.7439348058e-003
30	170	+2.1029991981e+001	-2.8002032153e-003
30	171	+1.8161748594e+001	-1.1970723343e-003
30	172	+2.2060214649e+001	-1.4134480211e-003
31	28	+2.5536603312e+001	-5.9282279657e-003
31	29	+2.6631972967e+001	-4.9541096587e-003
31	30	+2.6186242555e+001	-1.7641955968e-003
31	31	+2.6729431527e+001	-7.1931991209e-004
31	32	+2.7627197919e+001	-1.4790234981e-003
31	33	+2.7762324092e+001	-1.2999624486e-003
31	34	+2.7853405520e+001	-2.0054644240e-003
31	35	+2.8533577006e+001	-1.9849649698e-003
31	36	+2.7677018442e+001	-8.1761166462e-004
31	37	+2.7731838466e+001	-1.3149021872e-004
31	38	+2.7622467261e+001	+3.2145621198e-004
31	39	+2.7211490240e+001	+7.1234250254e-004
31	40	+2.6013963982e+001	+2.2238542987e-003
31	41	+2.5087804500e+001	+1.5564881612e-003
31	42	+2.3783077676e+001	-1.9847513212e-004
31	43	+2.2224539859e+001	-6.7392850967e-004
31	44	+2.0267411320e+001	-2.1953146619e-003
31	45	+1.8641788983e+001	-4.0828055161e-003
31	46	+1.6537665856e+001	-1.4208918311e-003
31	47	+1.3314867577e+001	+3.3337666468e-003
31	48	+1.1000010231e+001	+6.8745341809e-003
31	49	+9.1055798970e+000	+5.8924378153e-003
31	50	+7.4466439350e+000	+2.4868344116e-003
31	51	+4.9646823593e+000	-1.9501086439e-003
31	52	+1.8517781722e+000	-2.2478346220e-003
31	53	-7.8443314784e-001	+4.7881855896e-004
31	54	-3.0551009254e+000	+2.5159401655e-003
31	55	-5.2727040065e+000	+1.9829823967e-003
31	56	-7.5120789230e+000	-8.4875506386e-004
31	57	-9.3358609689e+000	-2.6070806586e-003
31	58	-1.1507188372e+001	-6.6457739465e-004
31	59	-1.4249705902e+001	+3.1925499601e-003
31	60	-1.6129841934e+001	+5.7159504290e-003
31	61	-1.5795772920e+001	+3.3804694726e-003
31	62	-1.6819772956e+001	+4.6885792511e-004
31	63	-1.8126437337e+001	-8.4955747592e-004
31	64	-1.8494280626e+001	-2.4658124140e-004
31	65	-1.9100375314e+001	+1.6886744475e-003
31	66	-1.9112366938e+001	+1.5403836589e-003
31	67	-2.0538393843e+001	+1.3097988737e-003
31	68	-2.1505101514e+001	+1.3758419818e-003
31	69	-2.1076199610e+001	-2.6159200775e-004
31	70	-2.0838979758e+001	-1.3602307021e-003
31	71	-2.0738338321e+001	-1.1551417106e-003
31	72	-2.0205775624e+001	-1.0976719020e-003
31	73	-2.0594123645e+001	-8.2022620814e-005
31	74	-2.1636784018e+001	+2.9391424105e-004
31	75	-2.2469443435e+001	+5.2099848677e-004
31	76	-2.1711583884e+001	+4.1325661595e-004
31	77	-2.1608918693e+001	-5.2846104849e-004
31	78	-2.2407768776e+001	-9.0176311039e-005
31	79	-2.1997108046e+001	+8.4426760469e-004
31	80	-2.2274442656e+001	+1.1024407777e-003
31	81	-2.1867420182e+001	+1.4384164637e-003
31	82	-2.1749755482e+001	+7.6787081385e-004
31	83	-2.2088937228e+001	+1.7210492586e-004
31	84	-2.3420543310e+001	+3.9063275762e-004
31	85	-2.3538709736e+001	+1.0293891751e-003
31	86	-2.2708134530e+001	+8.8979740821e-004
31	87	-2.2115381602e+001	-5.8813098395e-005
31	88	-2.2666529582e+001	+1.4347541819e-004
31	89	-2.2924975218e+001	+6.9318637022e-004
31	90	-2.2574572555e+001	+3.5344291907e-004
31	91	-2.2924850124e+001	+7.9909919199e-004
31	92	-2.3230970722e+001	+8.8085201437e-004
31	93	-2.3812298578e+001	+4.6560280380e-004
31	94	-2.3269414229e+001	-2.0336899417e-004
31	95	-2.3132017019e+001	-1.4770995369e-004
31	96	-2.3346149542e+001	+5.8519138412e-004
31	97	-2.3061584340e+001	+2.8894166100e-005
31	98	-2.3165651678e+001	-5.1944027017e-004
31	99	-2.3054554464e+001	+1.2721706166e-004
31	100	-2.3875992491e+001	+4.4368611969e-004
31	101	-2.4411135998e+001	+8.9968955912e-005
31	102	-2.4227487363e+001	-6.9003471657e-004
31	103	-2.4316562520e+001	-8.5249277266e-004
31	104	-2.4671159917e+001	-1.2090982521e-003
31	105	-2.4753404193e+001	-2.0157883379e-003
31	106	-2.4916008898e+001	-1.6478855352e-003
31	107	-2.4625072122e+001	-7.1990905291e-004
31	108	-2.4869924349e+001	-7.9564476956e-005
31	109	-2.6096377125e+001	+6.1934682087e-006
31	110	-2.6790962650e+001	-3.6393143721e-005
31	111	-2.7045083045e+001	+7.8357199840e-004
31	112	-2.7466393466e+001	+8.7593977305e-004
31	113	-2.7315586023e+001	+2.6103615201e-004
31	114	-2.6807806127e+001	-1.0395325426e-004
31	115	-2.7121773093e+001	-6.8128003446e-004
31	116	-2.7604619048e+001	-3.4018001835e-004
31	117	-2.7759861634e+001	-1.7700463197e-004
31	118	-2.8169581713e+001	-4.1255393025e-004
31	119	-2.8850633659e+001	+2.6924230106e-004
31	120	-2.9087479935e+001	+7.3303917685e-004
31	121	-2.8668796297e+001	-3.3197597315e-004
31	122	-2.9549499479e+001	-7.8251582703e-004
31	123	-3.0400140633e+001	-8.1997059076e-004
31	124	-3.0834227819e+001	-5.5925133603e-004
31	125	-3.0560683994e+001	-8.0525309491e-004
31	126	-3.0769253188e+001	+1.4453370520e-004
31	127	-3.0397130153e+001	+2.2187097265e-003
31	128	-3.0674453047e+001	+2.4261466302e-003
31	129	-3.0360449111e+001	+1.0263949893e-003
31	130	-3.1402816634e+001	+7.9368280058e-004
31	131	-3.0827184900e+001	+1.8914043871e-003
31	132	-2.9897618963e+001	+2.3855384249e-003
31	133	-2.9178936660e+001	+2.1072121759e-003
31	134	-2.8415943525e+001	+2.6309129618e-003
31	135	-2.8591765718e+001	+4.4811510129e-003
31	136	-2.6517958895e+001	+5.3054359697e-003
31	137	-2.4776541961e+001	+4.7843852728e-003
31	138	-2.3062235371e+001	+3.2584004112e-003
31	139	-2.1794515828e+001	+1.5951217965e-003
31	140	-1.9912857030e+001	+2.6811704730e-003
31	141	-1.7737221855e+001	+2.5098718390e-003
31	142	-1.5349291393e+001	+7.1858355907e-004
31	143	-1.3723774403e+001	-8.4465107472e-004
31	144	-1.1991451134e+001	-9.2249671117e-004
31	145	-8.6220738121e+000	-1.4020286623e-003
31	146	-6.6078756359e+000	-2.6451223046e-003
31	147	-4.2398169126e+000	-4.6454010349e-003
31	148	-1.5971969816e+000	-6.1949752565e-003
31	149	+4.7648686029e-001	-5.2345206730e-003
31	150	+1.6197648995e+000	-3.5574532111e-003
31	151	+3.9974583486e+000	-3.8750887649e-003
31	152	+6.3216237594e+000	-4.2918390126e-003
31	153	+9.0830838726e+000	-3.8879048971e-003
31	154	+9.1400785168e+000	-2.1894125255e-003
31	155	+9.7360111039e+000	-1.4602429677e-003
31	156	+1.1752460461e+001	-1.4771343636e-003
31	157	+1.4180791738e+001	-6.0164646629e-004
31	158	+1.4835776511e+001	+1.5146251921e-003
31	159	+1.4951622608e+001	+5.6358748925e-003
31	160	+1.5550937160e+001	+7.0828762621e-003
31	161	+1.6213907298e+001	+4.7366459304e-003
31	162	+1.7511985793e+001	+3.5452427227e-003
31	163	+1.7731004337e+001	+3.3399870593e-003
31	164	+1.8203004164e+001	+1.9835181008e-003
31	165	+1.8738449276e+001	+2.7989768966e-004
31	166	+1.9787081945e+001	-1.0595281396e-003
31	167	+2.1327925121e+001	+1.4054571955e-003
31	168	+2.1977476558e+001	+9.4522789731e-005
31	169	+2.3121414648e+001	-2.9242050005e-003
31	170	+2.1418064323e+001	-1.4527699950e-003
31	171	+1.8957156557e+001	+1.3966956368e-004
31	172	+2.3528354878e+001	+2.1009857915e-003
32	28	+2.6233247981e+001	-5.1469511935e-003
32	29	+2.7278875499e+001	-4.5770521181e-003
32	30	+2.7374127215e+001	-4.3218567465e-003
32	31	+2.8132445689e+001	-2.2006456123e-003
32	32	+2.7911132922e+001	-1.9486998945e-004
32	33	+2.8284522854e+001	+1.4708837626e-003
32	34	+2.8647587337e+001	+3.0567278190e-004
32	35	+2.8431953617e+001	-2.0529462729e-004
32	36	+2.7685337405e+001	+1.6403979416e-003
32	37	+2.7327538832e+001	+5.5352169295e-004
32	38	+2.6771886328e+001	-1.6115484306e-003
32	39	+2.5543212713e+001	+6.3616972188e-004
32	40	+2.4568081576e+001	+1.3573166468e-003
32	41	+2.3205994752e+001	+2.1275983820e-003
32	42	+2.2136548598e+001	+2.5523581357e-003
32	43	+1.9415294897e+001	+1.4772929340e-003
32	44	+1.7517959758e+001	-1.1571903088e-003
32	45	+1.6323790309e+001	-5.2224739319e-003
32	46	+1.3401473577e+001	-3.0963542690e-003
32	47	+1.0327990495e+001	+2.8337932435e-003
32	48	+7.6032889467e+000	+7.4340583159e-003
32	49	+5.8041219555e+000	+9.1557156368e-003
32	50	+4.2991303093e+000	+4.3839234441e-003
32	51	+1.7849100988e+000	-1.0804629460e-003
32	52	-1.1422801969e+000	-8.8622967412e-004
32	53	-3.9623608237e+000	+2.6428253662e-003
32	54	-6.1963351112e+000	+3.6932398901e-003
32	55	-8.3924592289e+000	+1.2356178985e-003
32	56	-1.0499992516e+001	-2.2489630753e-003
32	57	-1.2811973956e+001	-1.5990687030e-003
32	58	-1.4944330950e+001	+2.0931590711e-003
32	59	-1.6474799804e+001	+4.7606486605e-003
32	60	-1.7314393857e+001	+6.4453916357e-003
32	61	-1.7803564192e+001	+4.3900982569e-003
32	62	-1.8753697361e+001	-1.1709949167e-004
32	63	-1.9185686759e+001	-1.7581802097e-003
32	64	-1.9014279725e+001	+5.7349534707e-004
32	65	-1.8338934142e+001	+1.9756901002e-003
32	66	-2.0412497423e+001	+1.4408824951e-003
32	67	-2.2035272307e+001	+1.6306234852e-003
32	68	-2.1712479728e+001	+1.0479539709e-003
32	69	-1.9119531402e+001	-5.2724001586e-004
32	70	-1.9033582976e+001	-2.1528257941e-003
32	71	-2.0574209897e+001	-1.9128066000e-003
32	72	-2.1143654406e+001	-5.9837804663e-004
32	73	-2.1089007029e+001	+5.6415520340e-004
32	74	-2.0938695732e+001	+1.1887804022e-003
32	75	-1.9921630970e+001	+6.3858191655e-004
32	76	-1.9874813753e+001	-5.4424442305e-004
32	77	-2.0573962697e+001	-8.5165456318e-004
32	78	-2.1011166987e+001	+3.8055039902e-004
32	79	-1.9853657987e+001	+1.4374907308e-003
32	80	-1.9628322186e+001	+1.4716850369e-003
32	81	-1.9324486757e+001	+8.9308514304e-004
32	82	-2.0016626516e+001	+1.4112594725e-004
32	83	-2.0424239853e+001	+1.5009720381e-004
32	84	-2.1234429267e+001	+1.2057052084e-003
32	85	-2.0691948902e+001	+1.4581390990e-003
32	86	-2.0251454628e+001	+4.8806500084e-004
32	87	-2.0355788234e+001	-5.4834267176e-004
32	88	-2.0789535126e+001	+2.6544493091e-004
32	89	-2.1120464215e+001	+1.0761193770e-003
32	90	-2.0893640156e+001	+8.2725227969e-004
32	91	-2.0568122124e+001	+5.7439256517e-004
32	92	-2.1041237276e+001	+6.3528308611e-004
32	93	-2.1752748326e+001	+6.2430707911e-004
32	94	-2.1418756301e+001	+2.8675711041e-004
32	95	-2.0321940897e+001	+1.6624554689e-004
32	96	-2.0412072033e+001	-2.8784878189e-004
32	97	-2.0858591735e+001	-8.0677311145e-004
32	98	-2.0996818156e+001	-3.6179565451e-004
32	99	-2.1125031021e+001	+5.0125316062e-004
32	100	-2.0946132867e+001	+7.7822634511e-004
32	101	-2.1257816454e+001	+7.8922415422e-005
32	102	-2.1159539300e+001	-1.0073763944e-003
32	103	-2.1533111074e+001	-8.2724352022e-004
32	104	-2.1590390042e+001	-6.3918588374e-004
32	105	-2.1721966870e+001	-7.2484899851e-004
32	106	-2.1732386832e+001	-1.2753396654e-003
32	107	-2.1686579485e+001	-7.6726504001e-004
32	108	-2.2527291590e+001	+4.7754284091e-004
32	109	-2.3311753059e+001	+3.9538500627e-004
32	110	-2.3690083976e+001	+9.9722357131e-005
32	111	-2.3874650114e+001	+3.8752057668e-004
32	112	-2.4366914335e+001	+4.8661212803e-004
32	113	-2.4247080567e+001	+9.7761407619e-005
32	114	-2.4187233049e+001	-5.8048764111e-004
32	115	-2.4261229306e+001	-6.2171516713e-004
32	116	-2.5149027691e+001	-1.6108012364e-004
32	117	-2.5096557063e+001	-9.9594800741e-006
32	118	-2.5395276374e+001	-4.6303796505e-005
32	119	-2.5172596777e+001	-3.5830985045e-004
32	120	-2.5930370557e+001	-6.5690200056e-005
32	121	-2.6088681845e+001	+1.1701425449e-004
32	122	-2.6414667451e+001	-1.4169384307e-003
32	123	-2.7344313811e+001	-2.4220630692e-003
32	124	-2.8612099400e+001	-2.0998592937e-003
32	125	-2.8518203741e+001	-1.4840803854e-003
32	126	-2.8306693011e+001	-2.2076119371e-004
32	127	-2.7622004924e+001	+6.4473930182e-004
32	128	-2.7900512214e+001	+4.1105787571e-004
32	129	-2.9034865728e+001	-9.6992059703e-005
32	130	-2.9530547559e+001	-5.7108027623e-004
32	131	-2.9693182405e+001	+7.4195777418e-004
32	132	-2.9163360350e+001	+1.0304569266e-003
32	133	-2.8739783722e+001	-1.6045412748e-004
32	134	-2.8640744315e+001	-2.7580877585e-004
32	135	-2.8533741168e+001	+4.0338080951e-004
32	136	-2.7508729349e+001	+2.8929458157e-003
32	137	-2.6433633027e+001	+3.9423658379e-003
32	138	-2.5233863292e+001	+3.2617442374e-003
32	139	-2.3960579981e+001	+1.7007765828e-003
32	140	-2.3211525047e+001	+8.6845913852e-004
32	141	-2.1470562205e+001	+1.4847005920e-003
32	142	-1.9271551368e+001	+1.3998945255e-003
32	143	-1.6668305414e+001	-7.3962675142e-004
32	144	-1.6146151893e+001	-1.2136657559e-003
32	145	-1.4005137887e+001	-1.2445958014e-003
32	146	-1.1201558016e+001	-1.8186302468e-003
32	147	-8.7893203243e+000	-3.8714651167e-003
32	148	-6.8179299487e+000	-5.8009304564e-003
32	149	-4.7501617095e+000	-5.4023345312e-003
32	150	-3.3139195300e+000	-3.2496241664e-003
32	151	-8.3444427775e-001	-2.0313463316e-003
32	152	+1.5407146071e+000	-2.9145308728e-003
32	153	+4.3457842486e+000	-3.7300497701e-003
32	154	+4.9530157546e+000	-2.1580025109e-003
32	155	+6.1429136993e+000	+1.5633193864e-003
32	156	+8.0513858998e+000	+2.8215784897e-003
32	157	+1.0912066263e+001	+2.1580738522e-003
32	158	+1.1830310538e+001	+3.4345982759e-003
32	159	+1.1749629127e+001	+8.3675940241e-003
32	160	+1.2008636407e+001	+1.0223577716e-002
32	161	+1.3065489980e+001	+6.5397820428e-003
32	162	+1.4089303691e+001	+2.6493333533e-003
32	163	+1.5692784172e+001	+6.6818965259e-004
32	164	+1.6764376375e+001	+2.4623740053e-003
32	165	+1.8562346804e+001	+2.2376057294e-003
32	166	+2.0117439561e+001	+4.2442097873e-004
32	167	+2.1201150555e+001	+8.2851521777e-004
32	168	+2.1799060330e+001	+1.7995224908e-004
32	169	+2.2402978275e+001	-8.1140509837e-004
32	170	+2.1990560542e+001	-1.7409121583e-003
32	171	+2.1031445381e+001	-2.5395829176e-003
32	172	+2.6011086107e+001	-3.0925234349e-004
33	28	+2.6787825728e+001	-4.7891572125e-003
33	29	+2.7333470878e+001	-3.9705787513e-003
33	30	+2.8878081266e+001	-4.5058731077e-003
33	31	+2.9178801985e+001	-3.5649623642e-003
33	32	+2.9495287395e+001	-2.6168707958e-003
33	33	+2.9186513667e+001	-2.3745531125e-003
33	34	+2.8337878536e+001	-2.7509106076e-004
33	35	+2.7937767652e+001	+1.8700353774e-003
33	36	+2.7638012643e+001	+2.1766916606e-003
33	37	+2.6838872039e+001	-8.2173345304e-004
33	38	+2.6223224184e+001	-3.7558940250e-003
33	39	+2.3965680975e+001	-2.7676343546e-003
33	40	+2.2379087200e+001	-4.1345151437e-004
33	41	+2.1469230886e+001	+5.3421265875e-004
33	42	+1.9216195358e+001	+2.2149374651e-003
33	43	+1.7278513385e+001	+1.2457034112e-003
33	44	+1.5273610166e+001	-2.3278756139e-003
33	45	+1.2658332696e+001	-5.5099443028e-003
33	46	+9.9963339997e+000	-3.2598194074e-003
33	47	+7.4736139586e+000	+8.4939906339e-004
33	48	+4.8916235223e+000	+3.5156570119e-003
33	49	+2.1503185233e+000	+6.1802652319e-003
33	50	+8.1604313037e-002	+3.9986456239e-003
33	51	-1.9962739728e+000	+1.1129331744e-003
33	52	-4.7437124415e+000	+2.0107337110e-003
33	53	-7.5905208863e+000	+3.5214815510e-003
33	54	-9.9971164625e+000	+2.5697662930e-003
33	55	-1.3066284268e+001	-3.4787857186e-004
33	56	-1.4726530201e+001	-1.4858064814e-003
33	57	-1.6957573480e+001	+1.4469799564e-003
33	58	-1.8029557237e+001	+3.4885236110e-003
33	59	-1.9656880578e+001	+5.4017479533e-003
33	60	-2.0631737962e+001	+6.4978560499e-003
33	61	-2.0505262626e+001	+4.6650722642e-003
33	62	-1.9910575125e+001	+6.5197224873e-005
33	63	-2.0188788513e+001	-1.7017524773e-003
33	64	-2.0561276522e+001	+1.7773567479e-004
33	65	-2.1919240396e+001	+2.0239847343e-003
33	66	-2.2632973823e+001	+2.4691452861e-003
33	67	-2.1685984649e+001	+1.0152751903e-003
33	68	-2.0360695966e+001	-8.6207153938e-004
33	69	-1.9601059283e+001	-1.8529527851e-003
33	70	-2.0680507474e+001	-1.9341092770e-003
33	71	-2.2143168965e+001	-6.3418715428e-004
33	72	-2.1843742802e+001	+8.7658680190e-004
33	73	-2.1193094245e+001	+1.2420007075e-003
33	74	-2.0583400409e+001	+1.0643135089e-003
33	75	-2.0210763362e+001	-3.3995673022e-004
33	76	-2.0610889813e+001	-9.9226342111e-004
33	77	-2.1184829381e+001	+1.0190422516e-004
33	78	-2.0376400444e+001	+9.1988600862e-004
33	79	-1.9887056754e+001	+7.8629217620e-004
33	80	-1.9589083387e+001	+7.3235149562e-004
33	81	-1.9775586009e+001	+6.6533937592e-004
33	82	-2.0159675761e+001	+4.7111212033e-004
33	83	-2.0162016747e+001	+3.8744737063e-004
33	84	-1.9737155051e+001	+7.4139333571e-004
33	85	-1.9193159973e+001	+9.3864914717e-006
33	86	-1.9500819585e+001	-9.7254613769e-004
33	87	-1.9569693764e+001	-3.6038791239e-005
33	88	-1.9555916242e+001	+1.2577395562e-003
33	89	-1.9799825672e+001	+1.5081778636e-003
33	90	-2.0164937803e+001	+6.7853187706e-004
33	91	-2.0042945287e+001	-4.3476373683e-004
33	92	-2.0570717457e+001	+6.9412883001e-005
33	93	-2.0987285811e+001	+4.3206261133e-004
33	94	-2.0776446902e+001	+2.2869960898e-004
33	95	-1.9751776507e+001	-4.7719788350e-004
33	96	-1.9542246837e+001	-1.3188302490e-003
33	97	-1.9822259801e+001	-5.7794272841e-004
33	98	-2.0290089233e+001	+2.0021061008e-004
33	99	-1.9760577744e+001	-2.1814703540e-004
33	100	-1.9553137090e+001	-8.5999859359e-004
33	101	-1.9841514043e+001	-1.4397394231e-003
33	102	-2.0213398786e+001	-1.2116376775e-003
33	103	-2.0319175116e+001	-1.2786129218e-003
33	104	-1.9797332692e+001	-8.8925895742e-004
33	105	-2.0023811492e+001	-4.3914290108e-004
33	106	-2.0005103569e+001	-4.8498475585e-004
33	107	-2.0349437612e+001	-3.8388507969e-004
33	108	-2.0976075491e+001	-1.6266905927e-004
33	109	-2.1496468263e+001	-9.8309674197e-005
33	110	-2.1805554662e+001	+1.3554500840e-004
33	111	-2.2257815758e+001	+1.8003200106e-004
33	112	-2.2607720732e+001	+1.5218734207e-004
33	113	-2.2596803103e+001	-5.8671703976e-004
33	114	-2.2553414830e+001	-1.6080078464e-003
33	115	-2.2693332513e+001	-1.6834906710e-003
33	116	-2.3874740810e+001	-1.3275754069e-003
33	117	-2.4008284174e+001	-9.2549463936e-004
33	118	-2.3598193567e+001	-6.8143071273e-004
33	119	-2.3145336070e+001	-1.5038805417e-003
33	120	-2.4296385449e+001	-2.0331856635e-003
33	121	-2.5415591418e+001	-1.1777218274e-003
33	122	-2.5243390732e+001	-1.1573609595e-003
33	123	-2.5429093288e+001	-2.2691509981e-003
33	124	-2.6347649651e+001	-3.8256361710e-003
33	125	-2.7129673312e+001	-3.7436732519e-003
33	126	-2.7207345152e+001	-2.0918299492e-003
33	127	-2.6846196004e+001	-8.4947868991e-004
33	128	-2.7075375676e+001	-7.4629482150e-004
33	129	-2.8024154265e+001	-1.5447053051e-003
33	130	-2.8204082964e+001	-2.9112537111e-003
33	131	-2.9004749098e+001	-2.4631019331e-003
33	132	-3.0289899737e+001	-4.0019606079e-004
33	133	-3.0126183477e+001	+1.1304318171e-003
33	134	-2.8438703235e+001	+1.8237596678e-004
33	135	-2.7744104367e+001	-2.7398523824e-003
33	136	-2.8698478191e+001	-1.2148861603e-003
33	137	-2.8777585995e+001	+2.7668713373e-003
33	138	-2.8247052435e+001	+3.8941593728e-003
33	139	-2.6417099105e+001	+2.5600245440e-003
33	140	-2.6204618644e+001	+7.6747625854e-004
33	141	-2.5081437437e+001	+3.4746088462e-003
33	142	-2.2571715614e+001	+4.5799292389e-003
33	143	-2.0377819695e+001	+2.5233092803e-003
33	144	-2.0340692967e+001	+1.4761793673e-003
33	145	-1.9958135906e+001	+2.2462761823e-003
33	146	-1.6734274416e+001	+2.3173189101e-003
33	147	-1.3492493968e+001	+1.0262089560e-003
33	148	-1.1835291691e+001	-1.2689718835e-003
33	149	-1.0278872226e+001	-1.7974355358e-003
33	150	-7.9794468788e+000	-5.6400711801e-004
33	151	-5.3727483688e+000	+1.3694404118e-003
33	152	-3.4806098800e+000	+1.6997586943e-003
33	153	-6.5188903000e-001	-5.9591734751e-004
33	154	+1.6179794838e+000	-1.9758662570e-003
33	155	+2.8722570547e+000	+5.3548010671e-004
33	156	+4.7011588032e+000	+3.5090810876e-003
33	157	+7.3109861716e+000	+3.6486466376e-003
33	158	+8.4125781176e+000	+4.6910695360e-003
33	159	+1.0147966643e+001	+5.2319346820e-003
33	160	+1.0029342413e+001	+5.2384880466e-003
33	161	+1.0199006113e+001	+4.8744122955e-003
33	162	+1.1810388671e+001	+8.8270609903e-004
33	163	+1.4170971296e+001	-9.9918755166e-004
33	164	+1.6584435610e+001	+5.4671187604e-004
33	165	+1.7850775635e+001	+2.8731605071e-003
33	166	+1.8762878156e+001	+4.2895620132e-003
33	167	+2.0573828817e+001	+2.2157934129e-003
33	168	+2.1216519928e+001	+1.6277817450e-003
33	169	+2.2821714741e+001	+1.6476145242e-003
33	170	+2.3116507854e+001	-1.9932614311e-003
33	171	+2.2615258591e+001	-1.3224154744e-003
33	172	+2.7919332362e+001	+1.6471980226e-003
34	28	+2.7310069695e+001	-3.7111118019e-003
34	29	+2.7589886556e+001	-2.8438246065e-003
34	30	+2.8703916621e+001	-2.8171317455e-003
34	31	+2.9328736803e+001	-2.7876274148e-003
34	32	+2.9452493261e+001	-3.7289741104e-003
34	33	+2.9177662113e+001	-3.9547532632e-003
34	34	+2.8918541002e+001	-6.9757749510e-004
34	35	+2.7608550285e+001	+2.8448761521e-003
34	36	+2.6718079759e+001	+3.0000271926e-003
34	37	+2.6080520491e+001	-7.6531781873e-004
34	38	+2.3836734377e+001	-3.0337431353e-003
34	39	+2.2680809356e+001	-3.7636248973e-003
34	40	+2.0909398771e+001	-2.2713412611e-003
34	41	+1.9070394164e+001	-5.8559189534e-004
34	42	+1.7162216341e+001	+1.7655020432e-003
34	43	+1.5169380913e+001	+2.2941628163e-003
34	44	+1.2525270119e+001	-1.9693819065e-003
34	45	+9.9694962084e+000	-3.8517720874e-003
34	46	+7.1016536417e+000	-1.6301769269e-003
34	47	+4.6573286118e+000	+6.1275904452e-004
34	48	+1.8760368101e+000	+2.8917235709e-003
34	49	-1.1035301254e+000	+4.7330590032e-003
34	50	-3.2340459133e+000	+4.3847787852e-003
34	51	-5.6616879530e+000	+3.7970468601e-003
34	52	-8.1293359619e+000	+3.9627283902e-003
34	53	-1.0645462441e+001	+3.5292077403e-003
34	54	-1.3791751624e+001	+2.2322416106e-003
34	55	-1.5344327890e+001	-4.4221239156e-004
34	56	-1.7929075641e+001	-2.0052769641e-004
34	57	-1.9447694408e+001	+2.5122861834e-003
34	58	-2.0584551659e+001	+3.9937243262e-003
34	59	-2.2216156735e+001	+4.6269403089e-003
34	60	-2.2020215985e+001	+4.4203948350e-003
34	61	-2.1118788958e+001	+2.8822319209e-003
34	62	-2.0677482006e+001	+4.0577169306e-004
34	63	-2.1524982444e+001	-6.1131676202e-004
34	64	-2.1713300392e+001	+5.2277891060e-005
34	65	-2.2354433477e+001	+7.1023194544e-004
34	66	-2.2003707902e+001	+4.9624944865e-004
34	67	-2.0822189962e+001	-1.4071583238e-003
34	68	-2.0438078465e+001	-2.9414908461e-003
34	69	-2.0683957904e+001	-2.8547038431e-003
34	70	-2.1132790290e+001	-1.6145669341e-003
34	71	-2.0907264460e+001	-4.9308069777e-004
34	72	-2.0459572821e+001	+1.2554528249e-004
34	73	-2.0079555923e+001	+4.3379259431e-004
34	74	-2.0352847638e+001	-2.6200233117e-005
34	75	-2.0304729441e+001	-8.4614100478e-004
34	76	-2.0336871924e+001	-9.5625867316e-004
34	77	-2.0150063513e+001	-1.1705547345e-004
34	78	-1.9579351557e+001	-3.2428417729e-004
34	79	-1.9814799865e+001	-4.5444409535e-004
34	80	-1.9623041170e+001	+2.8878875634e-004
34	81	-1.9116021118e+001	+4.2956001700e-004
34	82	-1.9091065277e+001	+1.2651563120e-004
34	83	-1.8762978664e+001	-2.8146422059e-004
34	84	-1.8644238368e+001	-6.2681061175e-004
34	85	-1.8062335284e+001	-1.0288323584e-003
34	86	-1.8329984267e+001	-6.6098362246e-004
34	87	-1.7802300679e+001	+8.2679647293e-004
34	88	-1.7381706694e+001	+1.3425759693e-003
34	89	-1.7345541316e+001	+9.7081954954e-004
34	90	-1.7916556472e+001	+2.4905595391e-004
34	91	-1.7947502520e+001	+3.7998530406e-005
34	92	-1.8224707763e+001	+4.2562734968e-004
34	93	-1.8214841437e+001	+5.0050838442e-004
34	94	-1.8383750313e+001	+5.1697295617e-005
34	95	-1.7761841941e+001	-6.8187692985e-004
34	96	-1.7657094489e+001	-5.6192998027e-004
34	97	-1.8060888887e+001	+3.8628333670e-004
34	98	-1.8197088385e+001	+1.6724460251e-004
34	99	-1.7678599057e+001	-1.2085076790e-003
34	100	-1.7517384848e+001	-1.6457131427e-003
34	101	-1.7733329873e+001	-9.6325092210e-004
34	102	-1.8627867486e+001	-6.6833436693e-004
34	103	-1.8450558901e+001	-1.3602462125e-003
34	104	-1.8022951146e+001	-9.0357775974e-004
34	105	-1.8293953720e+001	+5.0798713900e-004
34	106	-1.8385690570e+001	+1.3172081928e-003
34	107	-1.9185975316e+001	+6.3387090983e-004
34	108	-1.8940874888e+001	-2.9164466167e-004
34	109	-1.9294184334e+001	-6.7464289731e-006
34	110	-1.9526787293e+001	+6.7285991024e-004
34	111	-2.0208471588e+001	+6.8891873024e-004
34	112	-2.0173337830e+001	+3.1451689273e-004
34	113	-2.0386582085e+001	-3.9253539873e-004
34	114	-2.0324456804e+001	-1.1426555199e-003
34	115	-2.1065551279e+001	-1.2496585435e-003
34	116	-2.2051899542e+001	-9.9005919496e-004
34	117	-2.2283962878e+001	-2.2083456315e-004
34	118	-2.1311912654e+001	+6.0018497275e-004
34	119	-2.1228020835e+001	+1.0369067756e-004
34	120	-2.2305277484e+001	-1.1649561436e-003
34	121	-2.3252479430e+001	-1.2279182720e-003
34	122	-2.3648130267e+001	-2.8915477352e-004
34	123	-2.3840811568e+001	-3.5772560267e-004
34	124	-2.3779812161e+001	-1.6462674338e-003
34	125	-2.3478573387e+001	-2.9940413753e-003
34	126	-2.4262442899e+001	-3.2943973948e-003
34	127	-2.5326315278e+001	-2.0334033733e-003
34	128	-2.6722425184e+001	-1.5715831494e-004
34	129	-2.6434470730e+001	+5.7480810542e-005
34	130	-2.5456752301e+001	-1.4779361402e-003
34	131	-2.5646209038e+001	-2.8929899140e-003
34	132	-2.8928523287e+001	-9.8713036953e-004
34	133	-2.9479763200e+001	+1.9476969738e-003
34	134	-2.7867570779e+001	+1.9227716241e-003
34	135	-2.6629079707e+001	-1.2348143786e-003
34	136	-2.7706580526e+001	-2.2232186348e-003
34	137	-2.8890253251e+001	+6.1418517471e-004
34	138	-2.9106208430e+001	+2.3061181076e-003
34	139	-2.8452658908e+001	+2.0380843033e-003
34	140	-2.7807736122e+001	+9.7833989424e-004
34	141	-2.6760058844e+001	+2.7843930535e-003
34	142	-2.4111280977e+001	+4.7619935521e-003
34	143	-2.2536250328e+001	+4.0024989619e-003
34	144	-2.2473746422e+001	+2.6343673261e-003
34	145	-2.2820268234e+001	+1.7900051323e-003
34	146	-2.0261668878e+001	+1.1414293197e-003
34	147	-1.7003047985e+001	+5.0986553512e-004
34	148	-1.4444274670e+001	-1.2936696622e-003
34	149	-1.3427646351e+001	-2.5678845710e-003
34	150	-1.0920708856e+001	-2.2937310618e-003
34	151	-8.2859108460e+000	-8.0165845341e-004
34	152	-6.5480306627e+000	-3.7182603817e-006
34	153	-4.1693931878e+000	-2.7869985967e-003
34	154	-1.5738713101e+000	-5.5024251178e-003
34	155	-1.5052393633e-001	-5.3182505662e-003
34	156	+1.3799176415e+000	-2.6420907868e-003
34	157	+3.4675409664e+000	-3.7468988311e-004
34	158	+5.9444775725e+000	-2.4963867965e-004
34	159	+7.4012882027e+000	-1.3176733656e-003
34	160	+8.6874768124e+000	-2.3758488031e-003
34	161	+8.8787689718e+000	-1.8014620205e-003
34	162	+1.0217826248e+001	-4.0996765305e-004
34	163	+1.2708015803e+001	+1.1994145975e-004
34	164	+1.5500576490e+001	-4.5296117779e-004
34	165	+1.6956391045e+001	+1.7532308623e-003
34	166	+1.7337254555e+001	+6.0741320721e-003
34	167	+1.9482751192e+001	+5.1640872098e-003
34	168	+2.0833999211e+001	+2.5452123493e-003
34	169	+2.3141729466e+001	+2.0905884661e-003
34	170	+2.2474181461e+001	+1.9383018973e-003
34	171	+2.2251872189e+001	+5.8742830210e-003
34	172	+2.8300537400e+001	+8.3293945253e-003
35	28	+2.7868227580e+001	-2.7772665345e-003
35	29	+2.7540263394e+001	-3.7230718879e-003
35	30	+2.7983556918e+001	-2.5755171137e-003
35	31	+2.8761841940e+001	-3.0674861745e-003
35	32	+2.9025777513e+001	-3.7274779582e-003
35	33	+2.8833255715e+001	-3.2455123145e-003
35	34	+2.7721369789e+001	+9.8981828890e-005
35	35	+2.6905099721e+001	+1.4525955500e-003
35	36	+2.6086741476e+001	+5.6880894533e-005
35	37	+2.4124275216e+001	-4.6051766596e-004
35	38	+2.2550289619e+001	-1.9782868288e-003
35	39	+2.1012954801e+001	-2.2874488846e-003
35	40	+1.9526044442e+001	-3.1354665757e-003
35	41	+1.7714556298e+001	-2.7977220088e-003
35	42	+1.5435264889e+001	+2.3322634290e-004
35	43	+1.2912167380e+001	+3.3266006289e-003
35	44	+1.0299457474e+001	+1.2050883165e-004
35	45	+7.4350720605e+000	-2.3280699339e-003
35	46	+4.5405567432e+000	-1.8898838502e-003
35	47	+1.0188485093e+000	+9.5846445463e-004
35	48	-1.9059613423e+000	+5.1825767234e-003
35	49	-4.2402648766e+000	+6.6435527429e-003
35	50	-6.1345089632e+000	+5.2137002373e-003
35	51	-9.2461587469e+000	+3.3309094017e-003
35	52	-1.2008564205e+001	+2.0075326748e-003
35	53	-1.4981383116e+001	+2.9290311601e-003
35	54	-1.6571226569e+001	+4.1634559058e-003
35	55	-1.7244893730e+001	+3.4793828820e-003
35	56	-1.9386679974e+001	+3.1384011812e-003
35	57	-2.1001676330e+001	+2.9258770487e-003
35	58	-2.2914720922e+001	+3.2435378822e-003
35	59	-2.2923132337e+001	+4.2016336887e-003
35	60	-2.1268915686e+001	+3.5708570742e-003
35	61	-2.0674003889e+001	+1.5254198253e-003
35	62	-2.1279826388e+001	+4.9967335155e-004
35	63	-2.2624191633e+001	+6.3293009886e-004
35	64	-2.0899835193e+001	+8.2050493055e-004
35	65	-1.9533473976e+001	-1.9334421769e-004
35	66	-1.9497424011e+001	-1.2770909939e-003
35	67	-2.0399444590e+001	-2.5412627018e-003
35	68	-2.1060133893e+001	-2.7969383063e-003
35	69	-2.0590896119e+001	-1.6299484994e-003
35	70	-1.8924899088e+001	-7.3299645713e-004
35	71	-1.7782062362e+001	-6.5694214005e-004
35	72	-1.8282027709e+001	-8.7695105415e-004
35	73	-1.8750569887e+001	-2.8414234354e-004
35	74	-1.9000171053e+001	+9.3292736583e-005
35	75	-1.8566097077e+001	-4.3011377843e-004
35	76	-1.7709324630e+001	-1.0676666635e-003
35	77	-1.8015517873e+001	-1.4271543890e-003
35	78	-1.8317963882e+001	-1.2256029277e-003
35	79	-1.8199512347e+001	-1.0830678820e-005
35	80	-1.7685180952e+001	+1.0127040146e-003
35	81	-1.6496861079e+001	+5.4932876812e-004
35	82	-1.6723522446e+001	-5.9310995668e-004
35	83	-1.7337563848e+001	-1.1738457684e-003
35	84	-1.6891883718e+001	-1.1787775910e-003
35	85	-1.6489534691e+001	-4.2766235299e-004
35	86	-1.5908900062e+001	+7.2810155708e-004
35	87	-1.5532038566e+001	+7.8333506640e-004
35	88	-1.5685999541e+001	+4.4040100792e-004
35	89	-1.6052244825e+001	+3.6274229646e-004
35	90	-1.6332174276e+001	+9.4334648715e-004
35	91	-1.6439952794e+001	+1.3772138915e-003
35	92	-1.6092734872e+001	+6.2202776123e-004
35	93	-1.5796739676e+001	+1.7236916121e-004
35	94	-1.6004991906e+001	-2.3860357027e-004
35	95	-1.5911575857e+001	-2.9527622528e-004
35	96	-1.5585039371e+001	+1.3762145203e-004
35	97	-1.6198062877e+001	+2.8349356039e-004
35	98	-1.6366811753e+001	-1.0814790258e-004
35	99	-1.5856893163e+001	-1.0512492983e-003
35	100	-1.5240832118e+001	-1.2666172171e-003
35	101	-1.5619577385e+001	-5.5884108140e-004
35	102	-1.6431609042e+001	-5.6783015518e-004
35	103	-1.6632817441e+001	-7.4654939953e-004
35	104	-1.6423602237e+001	-1.6992172861e-004
35	105	-1.6375079310e+001	+1.1797131870e-003
35	106	-1.7356287727e+001	+1.8075565979e-003
35	107	-1.7623441591e+001	+6.8345181441e-004
35	108	-1.7341075228e+001	-6.2947656138e-004
35	109	-1.7277457770e+001	-4.0512130928e-004
35	110	-1.7464733523e+001	+3.3409361713e-004
35	111	-1.7605366876e+001	+1.2423802880e-004
35	112	-1.7847305284e+001	-6.9005168394e-004
35	113	-1.7850388479e+001	-8.9559005018e-004
35	114	-1.8095301960e+001	-6.8364552582e-004
35	115	-1.9047049986e+001	-5.3098372870e-004
35	116	-1.9507209466e+001	-4.4475030653e-004
35	117	-1.9621646598e+001	+1.6983884312e-004
35	118	-1.8975151114e+001	+8.7892919111e-004
35	119	-1.9573438977e+001	+8.3025260938e-004
35	120	-2.0496694299e+001	-3.4025999868e-004
35	121	-2.0687213197e+001	-1.6810278981e-003
35	122	-2.1287171284e+001	-1.4723179853e-003
35	123	-2.1975155029e+001	-4.9531496786e-004
35	124	-2.1786089756e+001	-1.2981259340e-004
35	125	-2.1091354882e+001	-8.7131407302e-004
35	126	-2.1205591879e+001	-2.3708893624e-003
35	127	-2.2570384383e+001	-3.0735479625e-003
35	128	-2.4964503676e+001	-1.9889549680e-003
35	129	-2.4788496410e+001	-8.1204541999e-004
35	130	-2.3828060598e+001	-9.0140373626e-004
35	131	-2.2997447107e+001	-2.6272360057e-003
35	132	-2.5420721869e+001	-2.3414586520e-003
35	133	-2.7283686524e+001	-6.6724975244e-005
35	134	-2.6920001369e+001	+2.8484003640e-004
35	135	-2.6219939582e+001	-7.5024485496e-004
35	136	-2.6089211899e+001	-1.5618886866e-003
35	137	-2.7475529635e+001	-7.4198619235e-004
35	138	-2.7657892182e+001	+1.7092764427e-004
35	139	-2.8397511477e+001	-4.8761404657e-004
35	140	-2.7651582401e+001	-3.1985311048e-004
35	141	-2.6388216103e+001	-5.9310713462e-004
35	142	-2.4594655480e+001	+1.1042328695e-003
35	143	-2.3258261798e+001	+2.2404035477e-003
35	144	-2.3169399323e+001	+1.5557686865e-003
35	145	-2.3828429912e+001	+7.2180362406e-005
35	146	-2.2446171821e+001	-4.5235424461e-004
35	147	-2.0003109204e+001	-9.9804322735e-004
35	148	-1.7838431287e+001	-1.3052564579e-003
35	149	-1.6926006603e+001	-1.0204455283e-003
35	150	-1.4795297946e+001	-1.3064663360e-003
35	151	-1.2453586391e+001	-1.8325667625e-003
35	152	-1.0435903830e+001	-1.8544091611e-003
35	153	-8.4119902712e+000	-1.8735586030e-003
35	154	-6.3835090371e+000	-2.4544887378e-003
35	155	-4.6782501026e+000	-4.4085251749e-003
35	156	-2.1138773122e+000	-5.7896199337e-003
35	157	-6.0331987923e-003	-4.3112583635e-003
35	158	+1.9979984698e+000	-1.4978300802e-003
35	159	+3.6705740484e+000	-9.5081598843e-004
35	160	+5.8866448035e+000	-3.0136642453e-003
35	161	+6.4179728337e+000	-3.0581281820e-003
35	162	+8.3114889049e+000	+1.1641991857e-003
35	163	+1.0707032110e+001	+3.5483714559e-003
35	164	+1.3269902389e+001	+1.8095265954e-003
35	165	+1.4564250900e+001	+2.1066340401e-003
35	166	+1.5945562850e+001	+6.7572780441e-003
35	167	+1.8381065102e+001	+6.7045697223e-003
35	168	+1.9375317989e+001	+2.6452062976e-003
35	169	+2.1592831103e+001	+2.4416941341e-003
35	170	+2.1325701725e+001	+4.1576908787e-003
35	171	+2.0980633290e+001	+7.6637547785e-003
35	172	+3.0108050286e+001	+1.1393590577e-002
36	28	+2.8583884363e+001	-2.1292629330e-003
36	29	+2.8522634244e+001	-3.9773879153e-003
36	30	+2.7895391922e+001	-3.6416091085e-003
36	31	+2.7962035131e+001	-2.8070259210e-003
36	32	+2.8615480820e+001	-1.8850981534e-003
36	33	+2.8010147312e+001	-1.2406119278e-003
36	34	+2.6996253129e+001	-1.2264473580e-003
36	35	+2.5824779182e+001	-3.7902045052e-004
36	36	+2.4708835009e+001	+1.4501815325e-004
36	37	+2.3204654261e+001	+2.9582648993e-004
36	38	+2.1631241572e+001	-1.5748460878e-003
36	39	+1.9313918546e+001	-1.3000262909e-003
36	40	+1.7699378890e+001	-8.9831001024e-004
36	41	+1.5917703339e+001	-2.0916272376e-003
36	42	+1.3921961079e+001	-7.1458342678e-004
36	43	+1.0792520110e+001	+1.0146640224e-003
36	44	+7.3961465702e+000	+6.2443515961e-004
36	45	+4.2827923768e+000	-8.7370483564e-004
36	46	+1.3367139560e+000	-2.0346332979e-003
36	47	-2.6077935268e+000	+4.6821730654e-004
36	48	-5.6410238161e+000	+5.8088892418e-003
36	49	-7.8607570138e+000	+7.3192942428e-003
36	50	-1.0258302941e+001	+4.8677572380e-003
36	51	-1.3468567936e+001	+1.6092984367e-003
36	52	-1.6403415294e+001	-2.3423830461e-004
36	53	-1.8859359485e+001	+1.9613993544e-003
36	54	-2.0009306064e+001	+6.5545488470e-003
36	55	-2.0672034220e+001	+8.0506026872e-003
36	56	-2.1751650015e+001	+5.7402079873e-003
36	57	-2.3518554561e+001	+3.2632876594e-003
36	58	-2.4485105458e+001	+2.8954405854e-003
36	59	-2.2395062934e+001	+3.7250153604e-003
36	60	-2.1401679293e+001	+2.5974968317e-003
36	61	-2.1144553546e+001	+3.4152316396e-004
36	62	-2.2355228281e+001	-2.9778318550e-004
36	63	-2.2607469247e+001	+5.8255228678e-004
36	64	-2.0315246039e+001	+4.6698313339e-004
36	65	-1.9757006854e+001	-4.7174664320e-004
36	66	-2.0292926475e+001	-1.1342986402e-003
36	67	-2.1339243304e+001	-1.8802198855e-003
36	68	-2.1564693159e+001	-1.3607432154e-003
36	69	-1.9833466156e+001	+8.5810384256e-005
36	70	-1.8141588987e+001	+3.9573866030e-004
36	71	-1.8350210760e+001	-3.4524647770e-004
36	72	-1.8798392533e+001	-2.7314341168e-004
36	73	-1.8449459726e+001	+5.7890835189e-004
36	74	-1.7712002537e+001	+5.2695653542e-004
36	75	-1.7779827902e+001	-4.1258460737e-004
36	76	-1.7637662875e+001	-1.2553577460e-003
36	77	-1.7121864733e+001	-1.3841752477e-003
36	78	-1.7185138315e+001	-1.0971719170e-004
36	79	-1.6923972880e+001	+1.5228474881e-003
36	80	-1.5860643546e+001	+1.2487988464e-003
36	81	-1.5531189002e+001	-5.1502805193e-006
36	82	-1.5895734911e+001	-5.9985311533e-004
36	83	-1.6185392341e+001	-6.2584114697e-004
36	84	-1.6108639812e+001	-1.6473605300e-004
36	85	-1.5542738326e+001	+8.2125854186e-004
36	86	-1.4562818475e+001	+1.0066729564e-003
36	87	-1.4898377378e+001	+3.8601065046e-004
36	88	-1.5350440516e+001	+2.8766557826e-004
36	89	-1.5974474695e+001	+1.1549378379e-003
36	90	-1.6329111872e+001	+2.0383187489e-003
36	91	-1.6092216453e+001	+1.3397962033e-003
36	92	-1.5225076277e+001	-1.2187697471e-004
36	93	-1.4995008586e+001	-6.1852312257e-004
36	94	-1.5114904918e+001	-1.4589911515e-004
36	95	-1.5303017191e+001	+6.8670159512e-005
36	96	-1.5123587979e+001	-4.3372902816e-004
36	97	-1.5389941435e+001	-5.8185287886e-004
36	98	-1.5421280825e+001	-4.4973733629e-004
36	99	-1.5096694549e+001	-7.3148118498e-004
36	100	-1.4686683458e+001	-8.9189528466e-004
36	101	-1.5045011181e+001	-8.6578496400e-004
36	102	-1.5503078785e+001	-3.9221677148e-004
36	103	-1.6047076747e+001	+4.8232094309e-004
36	104	-1.5719854593e+001	+1.1880719141e-003
36	105	-1.5821996907e+001	+1.4732502175e-003
36	106	-1.6959719771e+001	+1.2827753919e-003
36	107	-1.7074134880e+001	+3.3824639083e-004
36	108	-1.6884591271e+001	-6.5206010146e-004
36	109	-1.6574139684e+001	-7.8994843353e-004
36	110	-1.6575373314e+001	-4.7751142105e-004
36	111	-1.6935356805e+001	-6.1626619066e-004
36	112	-1.7097431552e+001	-1.2315380661e-003
36	113	-1.6800214003e+001	-1.3233938993e-003
36	114	-1.7332614897e+001	-4.1881275190e-004
36	115	-1.8174974847e+001	+1.3805549104e-004
36	116	-1.7882847653e+001	-6.5335102957e-005
36	117	-1.7758870093e+001	-9.3069904905e-005
36	118	-1.7995933879e+001	+3.3815774982e-004
36	119	-1.9399240396e+001	+5.3923325048e-004
36	120	-2.0141085960e+001	-9.3792804239e-005
36	121	-1.9977329208e+001	-1.2471280770e-003
36	122	-1.9893395296e+001	-1.8570472256e-003
36	123	-2.0454785502e+001	-1.3219600542e-003
36	124	-2.0760947040e+001	-3.0433465942e-004
36	125	-2.0731911985e+001	+1.9376539290e-004
36	126	-2.0994953978e+001	-5.3335468099e-004
36	127	-2.1882032082e+001	-1.5893764132e-003
36	128	-2.3238878774e+001	-1.9213364590e-003
36	129	-2.3335850815e+001	-1.4932667916e-003
36	130	-2.2819238101e+001	-1.5590938322e-003
36	131	-2.3078272875e+001	-1.8119187318e-003
36	132	-2.4013675257e+001	-2.3420972941e-003
36	133	-2.5724283196e+001	-2.0780141693e-003
36	134	-2.6137157561e+001	-1.6663327393e-003
36	135	-2.6835568387e+001	-6.3091690699e-004
36	136	-2.6641744144e+001	+3.7952393381e-005
36	137	-2.7286071006e+001	+7.2147815123e-005
36	138	-2.8011315699e+001	+6.5125258633e-004
36	139	-2.8449980978e+001	+3.3922886287e-004
36	140	-2.8368536625e+001	-1.0411386100e-003
36	141	-2.6726457913e+001	-2.9640486063e-003
36	142	-2.6573987363e+001	-2.5310603907e-003
36	143	-2.5906532751e+001	-6.6753466270e-005
36	144	-2.4702538971e+001	+7.2573446996e-004
36	145	-2.4931221025e+001	+1.2533061695e-004
36	146	-2.5017058488e+001	+3.8618463254e-004
36	147	-2.3823696253e+001	+7.6078656012e-004
36	148	-2.1737365193e+001	+7.2035417609e-004
36	149	-1.9579153918e+001	+3.1812156663e-004
36	150	-1.9288772124e+001	-1.9012765416e-004
36	151	-1.7675913017e+001	-5.4203416409e-004
36	152	-1.5245389632e+001	-9.6906166812e-004
36	153	-1.2348747042e+001	-2.2849955881e-004
36	154	-9.6170966289e+000	-5.4958819875e-004
36	155	-8.7026662161e+000	-2.9762672093e-003
36	156	-5.9335787834e+000	-5.3590339203e-003
36	157	-3.8731160360e+000	-4.5253286773e-003
36	158	-9.2958124821e-001	-2.4013423269e-003
36	159	+1.2841548734e+000	-1.1001668523e-003
36	160	+2.5964448888e+000	-2.1494358282e-003
36	161	+4.3744204411e+000	-4.2092727515e-003
36	162	+6.3982483959e+000	-2.1149604840e-003
36	163	+8.5429410525e+000	+2.9094139595e-003
36	164	+1.0992547827e+001	+4.4246069070e-003
36	165	+1.1595829061e+001	+4.1486196862e-003
36	166	+1.4500499102e+001	+4.9863461855e-003
36	167	+1.6227589642e+001	+6.3724696857e-003
36	168	+1.6702234183e+001	+4.2764046199e-003
36	169	+1.9358246181e+001	+1.8138834860e-003
36	170	+2.0258631173e+001	+3.0818771048e-003
36	171	+2.1475980931e+001	+9.2527409143e-003
36	172	+3.2204250899e+001	+1.4420463353e-002
37	28	+2.8908090338e+001	-2.6998288735e-003
37	29	+2.8844117181e+001	-7.9116789231e-004
37	30	+2.8277644803e+001	-2.2892183220e-003
37	31	+2.8050556107e+001	-1.7281466855e-003
37	32	+2.7379818759e+001	+4.8645762380e-004
37	33	+2.7166926388e+001	+1.3967734249e-003
37	34	+2.6420736714e+001	-1.0460779949e-003
