% Model:              lid_driven_cavity.mph
% Version:            COMSOL 4.3.2.152
% Date:               Jun 11 2013, 21:53
% Dimension:          2
% Nodes:              861
% Expressions:        1
% Description:        Contour
% x                       y                        IsoLevel
0                         0.9993203859183575       -0.5847425843550274
1.3036310393449638E-4     0.9992431600453578       -0.5847425843550274
2.681507811796315E-4      0.9997318492188203       -0.5847425843550274
5.691824462619528E-4      1                        -0.5847425843550274
0                         0.9979611577554255       -0.5282501582777053
3.9108931173575473E-4     0.9977294801364666       -0.5282501582777053
8.044523433995679E-4      0.9991955476566003       -0.5282501582777053
0.001707547338490121      1                        -0.5282501582777053
0                         0.9966019295924935       -0.47175773220038314
6.518155195370133E-4      0.9962158002275754       -0.47175773220038314
0.0013407539056195046     0.9986592460943805       -0.47175773220038314
0.00284591223071829       1                        -0.47175773220038314
0                         0.9952427014295616       -0.41526530612306106
9.125417273382715E-4      0.9947021203186843       -0.41526530612306106
0.0018770554678394409     0.9981229445321605       -0.41526530612306106
0.003984277122946458      1                        -0.41526530612306106
0                         0.9938834732666296       -0.35877288004573893
0.0022117769600538393     0.9968717024196163       -0.35877288004573893
0.005122642015174627      1                        -0.35877288004573893
0.0029943864283635186     0.9978161556898077       -0.35877288004573893
0.0024659769376098564     0.996573319734565        -0.35877288004573893
0.0024538299919099954     0.99754617000809         -0.35877288004573893
0.0011732679351395302     0.993188440409793        -0.35877288004573893
0.00281916377305757       0.9979481245274145       -0.35877288004573893
0                         0.9925242451036977       -0.30228045396841685
0.002283383587465877      0.9946872753635649       -0.30228045396841685
0.006261006907402796      1                        -0.30228045396841685
0.0048701131547824565     0.9978089411469211       -0.30228045396841685
0.003123581188672473      0.9937010423251824       -0.30228045396841685
0.0030834323470512676     0.9969165676529486       -0.30228045396841685
0.0014339941429407886     0.9916747605009019       -0.30228045396841685
0.004290956318969343      0.9982451327699783       -0.30228045396841685
0                         0.9911650169407658       -0.24578802789109472
0.0023549902148779153     0.9925028483075136       -0.24578802789109472
0.007399371799630964      1                        -0.24578802789109472
0.006745839881201397      0.9978017266040345       -0.24578802789109472
0.0037811854397350893     0.9908287649158001       -0.24578802789109472
0.0037130347021925407     0.9962869652978075       -0.24578802789109472
0.0016947203507420472     0.9901610805920106       -0.24578802789109472
0.005762748864881118      0.9985421410125421       -0.24578802789109472
0                         0.9898057887778338       -0.18929560181377264
0.0024265968422899527     0.9903184212514624       -0.18929560181377264
0.008537736691859131      1                        -0.18929560181377264
0.008621566607620337      0.997794512061148        -0.18929560181377264
0.004438789690797706      0.9879564875064177       -0.18929560181377264
0.004342637057333813      0.9956573629426662       -0.18929560181377264
0.0019554465585433054     0.9886474006831194       -0.18929560181377264
0.00723454141079289       0.9988391492551059       -0.18929560181377264
0.005005996186934788      0.992324176651456        -0.1328031757364505
0.007116939296564762      0.9933129195438538       -0.1328031757364505
0                         0.9884465606149019       -0.1328031757364505
0.0024982034697019913     0.988133994195411        -0.1328031757364505
0.0096761015840873        1                        -0.1328031757364505
0.010497293334039277      0.9977872975182615       -0.1328031757364505
0.006967624055108101      0.9951834295319736       -0.1328031757364505
0.002216172766344564      0.9871337207742282       -0.1328031757364505
0.008706333956704664      0.9991361574976697       -0.1328031757364505
0.005096393941860323      0.9850842100970353       -0.1328031757364505
0.005874968419303526      0.9954786365550999       -0.1328031757364505
0.014789761643244055      0.9951149492500947       -0.07631074965912842
0.005752805308147908      0.9815396198562982       -0.07631074965912842
0.013003691586150369      0.9824588295598242       -0.07631074965912842
0.017745301463907622      0.9880802356945089       -0.07631074965912842
0.27405143510498525       0.4762819334129608       -0.07631074965912842
0.27306840412278643       0.4789748892674854       -0.07631074965912842
0.3699338860700804        0.34911662756363626      -0.07631074965912842
0.37472210218721175       0.34540374411431657      -0.07631074965912842
0.25977592523028126       0.5260356840552217       -0.07631074965912842
0.26017541956434725       0.523499599827617        -0.07631074965912842
0.2667163460115385        0.49848160041818906      -0.07631074965912842
0.2567648756280748        0.5622571305127524       -0.07631074965912842
0.293546188429864         0.435805480191824        -0.07631074965912842
0.29199200996089736       0.4386409549748374       -0.07631074965912842
0.28292990663240203       0.45649672803779084      -0.07631074965912842
0.30684956335027713       0.4156097011743132       -0.07631074965912842
0.3230127994571197        0.39432595525822023      -0.07631074965912842
0.3423714820706463        0.3732059017521974       -0.07631074965912842
0.3958159718340576        0.3319299696440665       -0.07631074965912842
0.4188220098858314        0.3196462344742508       -0.07631074965912842
0.26427203474220273       0.6204992324270974       -0.07631074965912842
0.2590706717877498        0.5945665673370715       -0.07631074965912842
0.26535732718878663       0.6235284387800311       -0.07631074965912842
0.4405544586418715        0.3105071661776154       -0.07631074965912842
0.465153111145448         0.3030983132515948       -0.07631074965912842
0.49155602380716096       0.2981738069811553       -0.07631074965912842
0.2825837747065956        0.6643962553455086       -0.07631074965912842
0.27271682087245697       0.6436023799465285       -0.07631074965912842
0.5222917241488929        0.2962496096363661       -0.07631074965912842
0.5593822721920182        0.29846378941514745      -0.07631074965912842
0.2914462763168236        0.6795618889560836       -0.07631074965912842
0.565703221487198         0.29934707189014786      -0.07631074965912842
0.5902970896144242        0.30423007427393634      -0.07631074965912842
0.3152337412410742        0.7122532042709603       -0.07631074965912842
0.29428983766144945       0.6843201577960037       -0.07631074965912842
0.3100270656697324        0.706153698650309        -0.07631074965912842
0.6048206816332877        0.3079558324267855       -0.07631074965912842
0.6149739380303684        0.3111587809241123       -0.07631074965912842
0.33484800376703605       0.7345383597667338       -0.07631074965912842
0.3396003073612789        0.7392945772928249       -0.07631074965912842
0.6398929741605099        0.32079984276065215      -0.07631074965912842
0.3777868168217001        0.774547697278263        -0.07631074965912842
0.3559962315095617        0.7550048800784479       -0.07631074965912842
0.399054030717022         0.7930318205864646       -0.07631074965912842
0.39752598682011886       0.7917669880848904       -0.07631074965912842
0.6659700555036479        0.33364475711238223      -0.07631074965912842
0.6915458193552235        0.34958989492299725      -0.07631074965912842
0.7002625182136718        0.35577065095130445      -0.07631074965912842
0.43456966133960406       0.820162376793265        -0.07631074965912842
0.44135956390275405       0.8253474266529812       -0.07631074965912842
0.41716276232487925       0.8068542887892526       -0.07631074965912842
0.7193984826147349        0.37087676518369445      -0.07631074965912842
0.731676103627072         0.38188102865535967      -0.07631074965912842
0.7391646164441097        0.38917357909303585      -0.07631074965912842
0.46391907376020736       0.8407148636306133       -0.07631074965912842
0.7579917960728306        0.4100847988703214       -0.07631074965912842
0.4836154349695415        0.8527969704659807       -0.07631074965912842
0.5028282436744451        0.8624098516710957       -0.07631074965912842
0.5145313405144878        0.8674494805801147       -0.07631074965912842
0.7758759814661903        0.4325044571525854       -0.07631074965912842
0.7853539025037382        0.44656939447780697      -0.07631074965912842
0.7919910744880272        0.4570046937426626       -0.07631074965912842
0.5415310912138779        0.8750674798169191       -0.07631074965912842
0.5413567192270285        0.8750091653050999       -0.07631074965912842
0.5202015348810053        0.8697481070782813       -0.07631074965912842
0.8058769977790411        0.4818219224743424       -0.07631074965912842
0.80691784665079          0.48380771723058225      -0.07631074965912842
0.5417337360680813        0.8750804524012115       -0.07631074965912842
0.8180186086491875        0.5120991040353605       -0.07631074965912842
0.5644681061657897        0.8754419994600904       -0.07631074965912842
0.581497665533355         0.8715724738719625       -0.07631074965912842
0.582222576407932         0.8714401385453715       -0.07631074965912842
0.8256841706691964        0.5407906197730343       -0.07631074965912842
0.5984218912749985        0.8639443709743471       -0.07631074965912842
0.8279344924678904        0.550437955045167        -0.07631074965912842
0.8289539415421011        0.574545937967341        -0.07631074965912842
0.6129714068046453        0.8543300073805351       -0.07631074965912842
0.8289459679076236        0.5746137672454896       -0.07631074965912842
0.6384977185054866        0.8343774309354289       -0.07631074965912842
0.6207810703874975        0.849439119795963        -0.07631074965912842
0.8267628368193505        0.5940026286339934       -0.07631074965912842
0.8210984778284494        0.6132005424896829       -0.07631074965912842
0.6385664493175777        0.8343001252569849       -0.07631074965912842
0.6394285513888942        0.8334648673817149       -0.07631074965912842
0.658261325669347         0.8152643976465691       -0.07631074965912842
0.8199877229145918        0.6156925524386483       -0.07631074965912842
0.6739038374336281        0.7992802831817175       -0.07631074965912842
0.813950390560445         0.6292081993143475       -0.07631074965912842
0.8047479932812633        0.6454362092844207       -0.07631074965912842
0.8022928241433882        0.6496020764637069       -0.07631074965912842
0.7003764976067364        0.7713071356950294       -0.07631074965912842
0.7061292498137106        0.7650117804669112       -0.07631074965912842
0.6895304934014859        0.78287613198689         -0.07631074965912842
0.7846159248256526        0.6743884429514296       -0.07631074965912842
0.7253839558672923        0.7434620280578186       -0.07631074965912842
0.7704918386690924        0.6918925227685749       -0.07631074965912842
0.7332795646513504        0.7350408817546996       -0.07631074965912842
0.7535024692677724        0.7120525236580444       -0.07631074965912842
0                         0.9870873324519699       -0.07631074965912842
0.002569810097114029      0.9859495671393597       -0.07631074965912842
0.01081446647631547       1                        -0.07631074965912842
0.012373020060458215      0.9977800829753749       -0.07631074965912842
0.005523035430886503      0.9824830392776138       -0.07631074965912842
0.015027881550170326      0.9921319606420296       -0.07631074965912842
0.006966152488873145      0.9817767207196748       -0.07631074965912842
0.2751782421913879        0.473605145259759        -0.07631074965912842
0.3790145463632406        0.34236862553407243      -0.07631074965912842
0.26101234556782743       0.5200218559010881       -0.07631074965912842
0.25686911118754513       0.5550447802888796       -0.07631074965912842
0.2947111685646366        0.4338599794428193       -0.07631074965912842
0.31529679897222357       0.40384385751373175      -0.07631074965912842
0.334920624217095         0.38074261687833105      -0.07631074965912842
0.3543447093294078        0.3620937424387545       -0.07631074965912842
0.41087188300405486       0.323541009718076        -0.07631074965912842
0.43796271345800747       0.3114704330296991       -0.07631074965912842
0.26385736009336874       0.6190280139152756       -0.07631074965912842
0.2579964999523274        0.586490940817038        -0.07631074965912842
0.46487368702753257       0.3031700507717007       -0.07631074965912842
0.4908056905453695        0.2982765692739691       -0.07631074965912842
0.5146065596918912        0.2964800745609207       -0.07631074965912842
0.2774653729728731        0.6545253717182773       -0.07631074965912842
0.5394851951929387        0.296866736647304        -0.07631074965912842
0.5748230830918346        0.30084830755006603      -0.07631074965912842
0.2978919107493062        0.6895542576365927       -0.07631074965912842
0.6243270029145157        0.31433320145432325      -0.07631074965912842
0.3327960416861271        0.7324860759262787       -0.07631074965912842
0.6562760637181961        0.32845609933700676      -0.07631074965912842
0.3641889067277386        0.7627872794813095       -0.07631074965912842
0.39679150557859655       0.7911561122973123       -0.07631074965912842
0.6802707211627133        0.3421795603259461       -0.07631074965912842
0.7101756002253923        0.3632494304722615       -0.07631074965912842
0.428469685497586         0.8155263349658665       -0.07631074965912842
0.7435745233975558        0.39371130526986403      -0.07631074965912842
0.4523236360026258        0.8327606529031879       -0.07631074965912842
0.7720906149388617        0.42726140762000164      -0.07631074965912842
0.47188388489129757       0.8452386264181588       -0.07631074965912842
0.497457502474391         0.8592769081750734       -0.07631074965912842
0.793301226304466         0.4589703680317562       -0.07631074965912842
0.5400331222601721        0.8746588036413997       -0.07631074965912842
0.8084678712794818        0.4868248898416763       -0.07631074965912842
0.5593059796315705        0.8760068573891394       -0.07631074965912842
0.8213673082142026        0.5212102167573226       -0.07631074965912842
0.5824345783596169        0.8713691163682453       -0.07631074965912842
0.6041136214997203        0.8609955619260368       -0.07631074965912842
0.8289516141884231        0.5744454164016142       -0.07631074965912842
0.638304049028616         0.8345563026982873       -0.07631074965912842
0.8216392617580738        0.6113801407546353       -0.07631074965912842
0.6603671203548596        0.8134334697289503       -0.07631074965912842
0.6823650867739355        0.790986330198321        -0.07631074965912842
0.8079948442429867        0.6394862015029696       -0.07631074965912842
0.7118860172281178        0.7588956078467396       -0.07631074965912842
0.792745317751548         0.662994469087183        -0.07631074965912842
0.780200128396685         0.6795181831867414       -0.07631074965912842
0.7437162522491159        0.7228549740386951       -0.07631074965912842
0.7614592521639757        0.7023461962735307       -0.07631074965912842
0.002476898974145822      0.985620040865337        -0.07631074965912842
0.010178126502616437      0.9994331657402336       -0.07631074965912842
0.009758534971990248      0.9964742553293624       -0.07631074965912842
0.06877762219897882       0.9935246002090442       -0.019818323581806338
0.07567717691341114       0.9880183537915488       -0.019818323581806338
0.006413394411575121      0.4673207522589699       -0.019818323581806338
0.012687801157334644      0.46719199286637897      -0.019818323581806338
0.08237981163112201       0.9792238035728471       -0.019818323581806338
0.018042353571298138      0.46676296813359586      -0.019818323581806338
0.020374199037392633      0.46658069984321915      -0.019818323581806338
0.0838796499628191        0.9703691026064989       -0.019818323581806338
0.07907156495867464       0.9555355525886783       -0.019818323581806338
0.032050474603495104      0.4645459631254304       -0.019818323581806338
0.03703262259115459       0.4627386927884962       -0.019818323581806338
0.07907132290355107       0.9406694756831999       -0.019818323581806338
0.056293755267576434      0.45462679269897693      -0.019818323581806338
0.058526525527688694      0.4536401892598527       -0.019818323581806338
0.08036345518218663       0.9251645727319779       -0.019818323581806338
0.08036829763974959       0.9232528910825906       -0.019818323581806338
0.07094828727587013       0.44555052614052093      -0.019818323581806338
0.08584613659062822       0.9039399766084706       -0.019818323581806338
0.0850137067812186        0.43380561429520087      -0.019818323581806338
0.0891896063357451        0.4304698051409655       -0.019818323581806338
0.08605383470083694       0.903241719264363        -0.019818323581806338
0.09476797884105884       0.8848671630840951       -0.019818323581806338
0.10283791912583079       0.41655617740518797      -0.019818323581806338
0.09648049583312897       0.8816299310655542       -0.019818323581806338
0.11537258291858843       0.40254613578758125      -0.019818323581806338
0.1346150367992794        0.3799902814157161       -0.019818323581806338
0.1428411242616717        0.3695643637291791       -0.019818323581806338
0.15588890805041705       0.3524681766555233       -0.019818323581806338
0.1704106303844689        0.33422689603371203      -0.019818323581806338
0.18628273419289454       0.31495320949400857      -0.019818323581806338
0.1884564474489901        0.312416225166352        -0.019818323581806338
0.2439883049809705        0.252023816253623        -0.019818323581806338
0.24115409409707073       0.25491057154077507      -0.019818323581806338
0.20785684813439792       0.2890844134023856       -0.019818323581806338
0.2262507478924862        0.2693144379938957       -0.019818323581806338
0.26244436382553166       0.23447507117957345      -0.019818323581806338
0.3088520913329824        0.19974766910324854      -0.019818323581806338
0.29946717607000267       0.2069446490828697       -0.019818323581806338
0.11383092256099403       0.8556046916375157       -0.019818323581806338
0.10671823581960418       0.8657279819013195       -0.019818323581806338
0.1287688321419912        0.3870251410897008       -0.019818323581806338
0.33388880318554603       0.1844206381989511       -0.019818323581806338
0.35465569428642035       0.17317456926185476      -0.019818323581806338
0.2845920254592777        0.21681810948278626      -0.019818323581806338
0.3759158256026058        0.16416526472469484      -0.019818323581806338
0.39950791251191          0.1558551237770811       -0.019818323581806338
0.4244710742710032        0.14870042787391197      -0.019818323581806338
0.12899089612151196       0.843006916653989        -0.019818323581806338
0.4567419067981828        0.1437661809213556       -0.019818323581806338
0.4550400590429506        0.14411900768466593      -0.019818323581806338
0.45783189327897617       0.14371712137612486      -0.019818323581806338
0.1368035070400247        0.8387970558470972       -0.019818323581806338
0.15925624800879268       0.8337044544033182       -0.019818323581806338
0.34147971345513684       0.9886670944995497       -0.019818323581806338
0.33793202935091965       0.9796769328104774       -0.019818323581806338
0.3377403833348725        0.9789676611891951       -0.019818323581806338
0.4803168203169698        0.14190350915937414      -0.019818323581806338
0.48272300729098006       0.14198012745093444      -0.019818323581806338
0.49870862611885025       0.14129234623618672      -0.019818323581806338
0.5236004627288745        0.14329740507710662      -0.019818323581806338
0.5296936443089808        0.14382701699212908      -0.019818323581806338
0.18565546866072735       0.8355050531431337       -0.019818323581806338
0.33433756046100865       0.9680758512448213       -0.019818323581806338
0.33369282965742697       0.9662725412293224       -0.019818323581806338
0.5524554923040828        0.1469752271960131       -0.019818323581806338
0.5582875731270587        0.14801418535130248      -0.019818323581806338
0.5749429261254104        0.15072347474176712      -0.019818323581806338
0.9912336514694365        0.3741717618537023       -0.019818323581806338
0.21264564797418745       0.844043906865223        -0.019818323581806338
0.23208755131456205       0.8530714567595044       -0.019818323581806338
0.243353103956354         0.8591412665243665       -0.019818323581806338
0.3281939342286636        0.9475687565504142       -0.019818323581806338
0.6037051972610226        0.15810961755689248      -0.019818323581806338
0.6245336593168113        0.16334785398382126      -0.019818323581806338
0.6012456758841582        0.15734449556322197      -0.019818323581806338
0.9803941486996686        0.3775670141264025       -0.019818323581806338
0.2988244021465749        0.9034244342161237       -0.019818323581806338
0.29421814143787395       0.8984116577462636       -0.019818323581806338
0.280574867215738         0.8855496396647633       -0.019818323581806338
0.26679157653582386       0.8744969887351439       -0.019818323581806338
0.250635383251858         0.8635265201881552       -0.019818323581806338
0.32171391074853795       0.9345323817394486       -0.019818323581806338
0.3130538997993918        0.9207029231453695       -0.019818323581806338
0.660374895848906         0.1752275422388202       -0.019818323581806338
0.6480094028834732        0.17073497299036863      -0.019818323581806338
0.6885401319314362        0.18607686230827528      -0.019818323581806338
0.7156996527453446        0.19726026148244205      -0.019818323581806338
0.7195259672537229        0.19887869596081836      -0.019818323581806338
0.744955175962225         0.21198442583241087      -0.019818323581806338
0.967928244770466         0.38285857256855815      -0.019818323581806338
0.7648047742066132        0.22526855493788112      -0.019818323581806338
0.7754670840269208        0.2337981012462249       -0.019818323581806338
0.7863214941256016        0.24047686289739195      -0.019818323581806338
0.7904784053694274        0.24399869133629296      -0.019818323581806338
0.9662872078238751        0.38342020865819676      -0.019818323581806338
0.9513279760240785        0.3860477523997833       -0.019818323581806338
0.8128259852157873        0.26347408472809225      -0.019818323581806338
0.8168555273412799        0.26791492555295504      -0.019818323581806338
0.8327224641168538        0.2815315136821147       -0.019818323581806338
0.9336803659783904        0.3829656473953994       -0.019818323581806338
0.8488343651681678        0.29975584629041147      -0.019818323581806338
0.8630385070635747        0.3159589933070828       -0.019818323581806338
0.8560186726591283        0.30926122336198664      -0.019818323581806338
0.8755629542280459        0.3311225489130508       -0.019818323581806338
0.9007385769702965        0.35899839362604363      -0.019818323581806338
0.8997403353161664        0.35814771738456885      -0.019818323581806338
0.9015629556399781        0.35958973065781247      -0.019818323581806338
0.9149014229512444        0.3714883556719587       -0.019818323581806338
0.914122483960523         0.37074229011965687      -0.019818323581806338
0.888463376241251         0.3443550791820954       -0.019818323581806338
0.9693323007951385        0.77389788744328         -0.019818323581806338
0.9789024765821104        0.7734789504359083       -0.019818323581806338
0.9668281969098487        0.7740322129916113       -0.019818323581806338
0.9521729665960865        0.7767256865439346       -0.019818323581806338
0.7847041224431053        0.9718987910883845       -0.019818323581806338
0.9876234980712709        0.7742034321536302       -0.019818323581806338
0.9883922217384074        0.7744849064778507       -0.019818323581806338
0.9408702061941967        0.780360183644127        -0.019818323581806338
0.7863241711306554        0.9581872948469462       -0.019818323581806338
0.783474876880532         0.9868681497318665       -0.019818323581806338
0.783661253024512         0.9788468702015454       -0.019818323581806338
0.7835579032492075        0.9890751177594101       -0.019818323581806338
0.938507947472525         0.7809310884820828       -0.019818323581806338
0.9270371116058332        0.7845999780279657       -0.019818323581806338
0.9222470746597994        0.7871582511490041       -0.019818323581806338
0.7900706094979046        0.9403457487586377       -0.019818323581806338
0.7950724841846388        0.921904077591764        -0.019818323581806338
0.9069544537534342        0.7947658917582702       -0.019818323581806338
0.8009208651190338        0.9036623750404998       -0.019818323581806338
0.8012842841354112        0.9026741805748986       -0.019818323581806338
0.9044072312905396        0.7960246885225262       -0.019818323581806338
0.8911621886869077        0.8034052924716089       -0.019818323581806338
0.8882853344883537        0.8051211609778073       -0.019818323581806338
0.8107881117460597        0.881932539427401        -0.019818323581806338
0.8111638955219742        0.8812635027182455       -0.019818323581806338
0.8282541120192126        0.8550461291832165       -0.019818323581806338
0.8480117597080647        0.8336961589735796       -0.019818323581806338
0.868268154822145         0.8174289270447006       -0.019818323581806338
0.011952831368543637      1                        -0.019818323581806338
0.014248746786877153      0.9977728684324882       -0.019818323581806338
0.026036615185694584      0.9999071562681872       -0.019818323581806338
0.04861173998028985       1                        -0.019818323581806338
0.051313305772906374      0.9971405937501907       -0.019818323581806338
0.06271130784753956       1                        -0.019818323581806338
0.06343661188782174       0.9970690340469024       -0.019818323581806338
0.0023774819948267625     0.46753250941466534      -0.019818323581806338
0.06737634290742764       1                        -0.019818323581806338
0.06722989850695829       0.9970566895279395       -0.019818323581806338
0.34386288425444067       1                        -0.019818323581806338
0.3435920477836774        0.9970708638482859       -0.019818323581806338
1                         0.3722847565448619       -0.019818323581806338
0.9971066682137537        0.37274830780480167      -0.019818323581806338
1                         0.7777388019515246       -0.019818323581806338
0.9970751306286385        0.777238138754956        -0.019818323581806338
0.7837954936227163        1                        -0.019818323581806338
0.7836916414562788        0.9970841087360544       -0.019818323581806338
0.013642101524676969      0.997469874103625        -0.019818323581806338
0.015466471292089853      0.9969769770274813       -0.019818323581806338
0.051343352822538345      0.9965738906167462       -0.019818323581806338
0.05394004655040732       0.995610155089572        -0.019818323581806338
0.0029154366799818373     0.4675277064187214       -0.019818323581806338
0.3429020696179087        0.9935568150669898       -0.019818323581806338
0.9936347157734564        0.3735224730248947       -0.019818323581806338
0.9935657186127387        0.7763183420063108       -0.019818323581806338
0.7833933022785226        0.99358529735044         -0.019818323581806338
0.07354924035978072       0.9897588068608925       -0.019818323581806338
0.0065926706034456365     0.46731596462298486      -0.019818323581806338
0.08134423412633526       0.9829249421679223       -0.019818323581806338
0.02528568815724124       0.4657212439798999       -0.019818323581806338
0.08248104098302653       0.9659702903066605       -0.019818323581806338
0.07860842193438639       0.954089444151217        -0.019818323581806338
0.04482998542022346       0.46004509171291674      -0.019818323581806338
0.07844697266639258       0.9382203365501283       -0.019818323581806338
0.06024127601724176       0.45273155460417414      -0.019818323581806338
0.08062329131946432       0.9210689483059152       -0.019818323581806338
0.07577828233174234       0.4424017271197038       -0.019818323581806338
0.09301573245069032       0.42720606158858065      -0.019818323581806338
0.08724446287321769       0.9009520288119788       -0.019818323581806338
0.11099769820375736       0.40840599335016625      -0.019818323581806338
0.1048915072641194        0.8677807895996897       -0.019818323581806338
0.12729633530043005       0.3891111152884216       -0.019818323581806338
0.14551653864353822       0.36655405718836176      -0.019818323581806338
0.1630472330251027        0.3440028873306272       -0.019818323581806338
0.18386832345900606       0.3181639912881645       -0.019818323581806338
0.2028804737944156        0.2948325385313182       -0.019818323581806338
0.244867184073209         0.25122342799875347      -0.019818323581806338
0.22330922882481316       0.27250299041676906      -0.019818323581806338
0.2765139978677844        0.22357937748089313      -0.019818323581806338
0.31392896834360084       0.19655870081572335      -0.019818323581806338
0.11881294009234308       0.8512004991728293       -0.019818323581806338
0.34146771642651746       0.180298520213914        -0.019818323581806338
0.36919535827298633       0.1672005826575948       -0.019818323581806338
0.39537728856822135       0.15714646235654692      -0.019818323581806338
0.41830015722974023       0.15011102997492518      -0.019818323581806338
0.43755469492676136       0.14592435113477206      -0.019818323581806338
0.46823121337267215       0.14300612145995245      -0.019818323581806338
0.1463551215976565        0.8374913016796438       -0.019818323581806338
0.3411533219308063        0.9878410229036754       -0.019818323581806338
0.33594761509373616       0.9738008161227654       -0.019818323581806338
0.5071465059559738        0.14222922235863358      -0.019818323581806338
0.5414832819232317        0.14585637748577213      -0.019818323581806338
0.17537768612994048       0.8349119680635029       -0.019818323581806338
0.33077808129199776       0.9541111250077605       -0.019818323581806338
0.5986131782392229        0.15682237046273567      -0.019818323581806338
0.9873173090497045        0.37512159591027205      -0.019818323581806338
0.19988998142234413       0.8404295246220699       -0.019818323581806338
0.2229570270619411        0.8491773163880405       -0.019818323581806338
0.3247091930714498        0.9396681069969044       -0.019818323581806338
0.63877377307354          0.16817974048569928      -0.019818323581806338
0.9787626873670409        0.3780304405050832       -0.019818323581806338
0.29120184277643874       0.8954054742453919       -0.019818323581806338
0.2771517815503485        0.8826480905731956       -0.019818323581806338
0.2557385787636747        0.8670022942710498       -0.019818323581806338
0.3167277379713728        0.9257332637899007       -0.019818323581806338
0.30515329406811903       0.9104018380129937       -0.019818323581806338
0.6686397002499614        0.17745120138453502      -0.019818323581806338
0.6904230212499864        0.1867879223359574       -0.019818323581806338
0.7252893414224962        0.20233194335447863      -0.019818323581806338
0.7596847241564064        0.2219969122089799       -0.019818323581806338
0.8031537334489429        0.2557769372779522       -0.019818323581806338
0.9638712992389635        0.38396330204738754      -0.019818323581806338
0.8436291514742239        0.29498599367912737      -0.019818323581806338
0.9428358555757475        0.384944219144878        -0.019818323581806338
0.8657830787068954        0.31955745828513205      -0.019818323581806338
0.8820836073567742        0.338138318133571        -0.019818323581806338
0.9085201113016999        0.3659079981827873       -0.019818323581806338
0.9262989652163061        0.3787790522879933       -0.019818323581806338
0.9872563834872049        0.7740967248369302       -0.019818323581806338
0.963270327387679         0.7749468756815217       -0.019818323581806338
0.785298950465423         0.9676226109126669       -0.019818323581806338
0.7869173103487318        0.9536424661443369       -0.019818323581806338
0.7836150044947627        0.9836073403972747       -0.019818323581806338
0.9359890051463149        0.7817454140959326       -0.019818323581806338
0.7903238569340202        0.9392650782453764       -0.019818323581806338
0.7953487591532591        0.9208610058167878       -0.019818323581806338
0.9160029006614616        0.790051484814214        -0.019818323581806338
0.8068310088948564        0.8906492430665927       -0.019818323581806338
0.897881108330857         0.7998187031582251       -0.019818323581806338
0.8212357661297423        0.8640600237780014       -0.019818323581806338
0.8380935941280216        0.8431815693204072       -0.019818323581806338
0.8553606846620276        0.8271362577664715       -0.019818323581806338
0.8746601084046702        0.8129319084538738       -0.019818323581806338
0.01164991904852821       0.9997301739827973       -0.019818323581806338
0.02246150318369939       0.9976193652581364       -0.019818323581806338
0.026249618014784443      1                        -0.019818323581806338
0.04784291410408256       0.9990250380866634       -0.019818323581806338
0.06036906945848648       0.9988727000241097       -0.019818323581806338
0                         0.4675537059826473       -0.019818323581806338
0.06702349870802375       0.9973040586228565       -0.019818323581806338
0.3436487800936441        0.9984226804665823       -0.019818323581806338
0.9979994905077094        0.37261617579692347      -0.019818323581806338
0.9974962879303283        0.7773053460627872       -0.019818323581806338
0.7837198791039797        0.9980955104506597       -0.019818323581806338
0.06836110298161048       0.9938418446851226       -0.019818323581806338
0.002916734393617241      0.46752767467203943      -0.019818323581806338
0.34286509800437526       0.9949659534260571       -0.019818323581806338
0.994517745507727         0.3733206369380293       -0.019818323581806338
0.9942702571814507        0.7765139008008969       -0.019818323581806338
0.7834548056087811        0.9947277645062699       -0.019818323581806338
0.9687595133388563        0.8615049663533395       0.03667410249551574
0.967389529798569         0.8619864054851349       0.03667410249551574
0.9794237080875694        0.8595889331637804       0.03667410249551574
0.9821566711492222        0.8599296024507567       0.03667410249551574
0.9881962854188435        0.8599919103114566       0.03667410249551574
0.9583437631027838        0.864829223703827        0.03667410249551574
0.9468823363486374        0.8687325887777595       0.03667410249551574
0.9421424652425728        0.8716680669103557       0.03667410249551574
0.8797631113963622        0.9327130654343336       0.03667410249551574
0.8821924725542485        0.9279206186373741       0.03667410249551574
0.8697763173731184        0.9536672030275797       0.03667410249551574
0.8656037196350892        0.9675497081973062       0.03667410249551574
0.862969774030629         0.9790893644223488       0.03667410249551574
0.8622981345612583        0.9879143366146219       0.03667410249551574
0.8623996944855743        0.9901116515787116       0.03667410249551574
0.9935510996474355        0.8609839395613041       0.03667410249551574
0.9254697210361287        0.882220741974252        0.03667410249551574
0.9113120377682914        0.8936908384329572       0.03667410249551574
0.9097327588813306        0.8954024452659378       0.03667410249551574
0.8907223266723987        0.9151375275562778       0.03667410249551574
0.9205885896664094        0.8853192333432504       0.03667410249551574
0.90133997379482          0.9033636654130706       0.03667410249551574
1                         0.8620419620062243       0.03667410249551574
0.9970688149775266        0.8616923599433517       0.03667410249551574
0.8624684100411478        1                        0.03667410249551574
0.8623830181916121        0.9970881819413695       0.03667410249551574
0.8622633430408637        0.9935940145417288       0.03667410249551574
0.9700662275816919        0.8613326811918837       0.03667410249551574
0.9910546030606735        0.8607058951279771       0.03667410249551574
0.9546514702707076        0.866238232248077        0.03667410249551574
0.8851540870536951        0.9238349935622623       0.03667410249551574
0.8735074435961989        0.9442702578339293       0.03667410249551574
0.868220707171905         0.9575052838450566       0.03667410249551574
0.8654138966009025        0.968522679280484        0.03667410249551574
0.8627156643607992        0.9835553155000127       0.03667410249551574
0.9326825898005306        0.8765891957681238       0.03667410249551574
0.9122337016491644        0.8930125770991633       0.03667410249551574
0.8991178360163966        0.9058800277073393       0.03667410249551574
0.9988943124670879        0.8619139732133918       0.03667410249551574
0.862418405628268         0.998283261208016        0.03667410249551574
0.9957690565755417        0.8614871348472788       0.03667410249551574
0.8623179332940671        0.9950375431447984       0.03667410249551574
0.9706212306841303        0.9030909699103764       0.09316652857283793
0.9839407154876698        0.9004733999991501       0.09316652857283793
0.9883076729705169        0.9001665062744487       0.09316652857283793
0.9678268833713957        0.9040335668723927       0.09316652857283793
0.9542188027295149        0.9093367444686945       0.09316652857283793
0.9503591322370908        0.9121128937615606       0.09316652857283793
0.9193350386488366        0.941045177093841        0.09316652857283793
0.9200950015278152        0.9399121479878947       0.09316652857283793
0.9197547034388367        0.9403139661367708       0.09316652857283793
0.9068204464645455        0.964432001354864        0.09316652857283793
0.9021251624081031        0.9797197876972525       0.09316652857283793
0.9055342484637006        0.9673092733672504       0.09316652857283793
0.901214035609428         0.9880922110672884       0.09316652857283793
0.9012975254278879        0.9899271651100592       0.09316652857283793
0.9936832129710224        0.900699555301021        0.09316652857283793
0.9335832443406705        0.9247789686692448       0.09316652857283793
0.9308670475842103        0.9271059427736121       0.09316652857283793
1                         0.901562163393568        0.09316652857283793
0.9971285969028414        0.9012656469334313       0.09316652857283793
0.9013289537120961        1                        0.09316652857283793
0.901238650643809         0.9971086156525991       0.09316652857283793
0.9011322134344           0.9936411319093987       0.09316652857283793
0.9795700118949957        0.9004750522414071       0.09316652857283793
0.9902161463212016        0.9004507676552538       0.09316652857283793
0.9630319717464669        0.9060253770687485       0.09316652857283793
0.9213855331999001        0.9384958511843675       0.09316652857283793
0.9112578794582422        0.9532972526002077       0.09316652857283793
0.9048743643967293        0.9696595425161962       0.09316652857283793
0.9017794784219311        0.9842756324921609       0.09316652857283793
0.9427019587530572        0.9170301109848642       0.09316652857283793
0.9987543017010274        0.9014477602660834       0.09316652857283793
0.9012581382317106        0.9982973392052461       0.09316652857283793
0.9955605198611887        0.9010286752321164       0.09316652857283793
0.9011672054759096        0.9951677196500635       0.09316652857283793
0.9692155633682535        0.9290513645521739       0.14965895465016
0.9837727386760046        0.9248583257318201       0.14965895465016
0.9884992813577761        0.9242768859415638       0.14965895465016
0.9674578657809824        0.9296074762358282       0.14965895465016
0.9526323519957975        0.9385215088887973       0.14965895465016
0.9491719235209635        0.9416379944871198       0.14965895465016
0.9328254098954847        0.9634068144788057       0.14965895465016
0.9377307805208215        0.9539263077324631       0.14965895465016
0.9262062660060547        0.9800258532431156       0.14965895465016
0.9302217539933723        0.9679222723794902       0.14965895465016
0.9249352154137012        0.9883221729575387       0.14965895465016
0.9250778721620245        0.9910694505575935       0.14965895465016
0.9937617817984057        0.9247957888062024       0.14965895465016
1                         0.9257159948039126       0.14965895465016
0.9971618834604724        0.9253972394300168       0.14965895465016
0.9251637677933671        1                        0.14965895465016
0.9250440691101034        0.9971599608138784       0.14965895465016
0.9249286862782322        0.9937543492396875       0.14965895465016
0.9799975932270315        0.9253491593441978       0.14965895465016
0.9911775302191668        0.9247518702915913       0.14965895465016
0.9640612901586372        0.9318548328975566       0.14965895465016
0.9398911197434747        0.951199809503394        0.14965895465016
0.9295897507866715        0.9698108846107383       0.14965895465016
0.9258033328656619        0.9836799187277702       0.14965895465016
0.9991626205361496        0.9256597442887353       0.14965895465016
0.9250152991393596        0.99791231114398         0.14965895465016
0.995999026489826         0.9252365920707308       0.14965895465016
0.9248991471455259        0.9948446687873949       0.14965895465016
0.9632432670172009        0.9502247625519291       0.20615138072748207
0.9745323562692976        0.9450933965228806       0.20615138072748207
0.988091480679704         0.9414659122181553       0.20615138072748207
0.9888832096124387        0.9412882229338614       0.20615138072748207
0.9489000873404809        0.9668524292451796       0.20615138072748207
0.9511831445551717        0.9622064221860354       0.20615138072748207
0.9431606019376066        0.9796576159756558       0.20615138072748207
0.941773171127266         0.988184975963355        0.20615138072748207
0.9418012021835008        0.9886956877055154       0.20615138072748207
0.9939923408191416        0.9410819212110252       0.20615138072748207
1                         0.9422714420848654       0.20615138072748207
0.9972654987327327        0.9419761536590419       0.20615138072748207
0.9420256446016462        1                        0.20615138072748207
0.9418336671167432        0.9972016832729993       0.20615138072748207
0.9416112552650326        0.9938530126677387       0.20615138072748207
0.9695372119125321        0.9472044285982943       0.20615138072748207
0.9804423509294611        0.9425253701054057       0.20615138072748207
0.9893508559838934        0.941334420076344        0.20615138072748207
0.9551298889982622        0.9583966707361606       0.20615138072748207
0.9453599237527532        0.9742315185088706       0.20615138072748207
0.9418952614626505        0.9874460450754029       0.20615138072748207
0.9983865303320432        0.9420994852124531       0.20615138072748207
0.9419949073140205        0.9987693345187743       0.20615138072748207
0.9951901407795575        0.9412991761702554       0.20615138072748207
0.9417771831980114        0.9959552998617935       0.20615138072748207
0.9624127644946883        0.9673565766042143       0.26264380680480415
0.9745641905600236        0.957802840716474        0.26264380680480415
0.9862092957658183        0.9538277835492535       0.26264380680480415
0.98873179949207          0.9531310623942714       0.26264380680480415
0.9563335012695396        0.9793157535188841       0.26264380680480415
0.954079506303309         0.9885135047832369       0.26264380680480415
0.9540877983961837        0.9886422656820543       0.26264380680480415
0.9942011006260555        0.952459303939593        0.26264380680480415
1                         0.9535502051568943       0.26264380680480415
0.9973577835815177        0.9533295817634835       0.26264380680480415
0.9534374819149488        1                        0.26264380680480415
0.9534078127610126        0.9972467430282479       0.26264380680480415
0.9534340771719418        0.9939572215073149       0.26264380680480415
0.9679546171904616        0.9622285446302883       0.26264380680480415
0.9803560427593865        0.9552200892808091       0.26264380680480415
0.9901601166151435        0.9532550012541829       0.26264380680480415
0.9575919138544449        0.9766654668535615       0.26264380680480415
0.9541426393082527        0.9882866512194564       0.26264380680480415
0.9987440610325822        0.9536578642828182       0.26264380680480415
0.9530689092334179        0.9984366469422186       0.26264380680480415
0.9956322346729509        0.9529893928336244       0.26264380680480415
0.9531046957850311        0.9957200263713515       0.26264380680480415
0.9669423118709145        0.9794075837915963       0.3191362328821262
0.9715250610044801        0.9711722651241697       0.3191362328821262
0.9836417477782439        0.9640337872543339       0.3191362328821262
0.988488507171959         0.9625528359379953       0.3191362328821262
0.9637397962947172        0.9879757099025489       0.3191362328821262
0.9636711478659246        0.9896484507922769       0.3191362328821262
0.9943799124680693        0.9613541860866807       0.3191362328821262
1                         0.9625632516127443       0.3191362328821262
0.9974390426933216        0.962483230594773        0.3191362328821262
0.9623082976494272        1                        0.3191362328821262
0.962700704500467         0.9972498789084403       0.3191362328821262
0.9629075384329846        0.9939174366184244       0.3191362328821262
0.9687099199364961        0.9763374522534666       0.3191362328821262
0.979865370079354         0.9656622000458045       0.3191362328821262
0.9918716423334926        0.962127269344945        0.3191362328821262
0.9643107295477876        0.9859150097798548       0.3191362328821262
0.9997121659752545        0.9623603702050327       0.3191362328821262
0.9627500964338254        0.9978706763741663       0.3191362328821262
0.9967784731517236        0.9620060849061842       0.3191362328821262
0.9627658750728146        0.995097714319974        0.3191362328821262
0.9793089717257988        0.9753531023378258       0.3756286589594484
0.979219516752265         0.9755172332523306       0.3756286589594484
0.9794544183664408        0.9752570123190781       0.3756286589594484
0.9710437297826675        0.9874025222085938       0.3756286589594484
0.9882226018963692        0.9700717495361588       0.3756286589594484
0.9922794662417158        0.969622671633422        0.3756286589594484
0.9711146134268996        0.9928167069853115       0.3756286589594484
1                         0.9723961047092391       0.3756286589594484
0.9975193957874253        0.9709026428068672       0.3756286589594484
0.9712007230811693        1                        0.3756286589594484
0.9711247597984924        0.9971929746399697       0.3756286589594484
0.9945423810515337        0.9689252102514788       0.3756286589594484
0.9711318192461204        0.9969598465170784       0.3756286589594484
0.9708044097830287        0.9940292429654365       0.3756286589594484
0.9706382143591017        0.9938425507608041       0.3756286589594484
0.979899990159583         0.9750648771924236       0.3756286589594484
0.9730261045031461        0.9823735895543533       0.3756286589594484
0.9978554139030616        0.970884481312075        0.3756286589594484
0.9713072452612436        0.9994865984182902       0.3756286589594484
0.9949262310263849        0.9690295358777501       0.3756286589594484
0.9712637329570178        0.9958607986664956       0.3756286589594484
0.9775923437257248        0.9868229753377097       0.4321210850367706
0.9778542064745883        0.9861586760429875       0.4321210850367706
0.9840833151098738        0.977667269383238        0.4321210850367706
0.987955144033428         0.9753443764392993       0.4321210850367706
0.977601707135042         0.9875381646981473       0.4321210850367706
0.9946860161002199        0.973697587725007        0.4321210850367706
1                         0.9761917629082992       0.4321210850367706
0.9975768372242599        0.9752460808502836       0.4321210850367706
0.9770430515338662        1                        0.4321210850367706
0.9761603359805114        0.9972658345878254       0.4321210850367706
0.9745919419560063        0.9940191783761954       0.4321210850367706
0.9787041675679939        0.9852177349486698       0.4321210850367706
0.9910890625152081        0.9749974647806038       0.4321210850367706
0.9994835825510051        0.9765520487076541       0.4321210850367706
0.9763161786893926        0.9979750792805486       0.4321210850367706
0.9968498015342231        0.9752063611385583       0.4321210850367706
0.975641921340229         0.9951986510802415       0.4321210850367706
0.9817961220414804        0.9869399293475098       0.4886135111140927
0.9785456695529107        0.9941958059915867       0.4886135111140927
0.9888558724153542        0.9799684763197252       0.4886135111140927
1                         0.9787878772600636       0.4886135111140927
0.9976294702205426        0.978734099346726        0.4886135111140927
0.9814650665621922        1                        0.4886135111140927
0.9807273518287498        0.9973566383867224       0.4886135111140927
0.9948252183658362        0.9778112575359511       0.4886135111140927
0.9878414021404645        0.9803160055995651       0.4886135111140927
0.9803602460294821        0.9902884264237594       0.4886135111140927
0.998864556956323         0.9795800348554533       0.4886135111140927
0.9810605872425991        0.9988732024300249       0.4886135111140927
0.9960228167791338        0.9786463239975789       0.4886135111140927
0.9804794328974294        0.9963680591950463       0.4886135111140927
0.9855789457545964        0.9871819220796404       0.5451059371816304
0.9825950980880893        0.9941403259416606       0.5451059371816304
0.9938109666480837        0.9823417657435098       0.5451059371816304
1                         0.9813839916113785       0.5451059371816304
0.9976821032168159        0.982222117842564        0.5451059371816304
0.9858870815897526        1                        0.5451059371816304
0.985804995794984         0.9997713255793456       0.5451059371816304
0.9849774839787329        0.9974507745633838       0.5451059371816304
0.9849943233779512        0.9974422896005236       0.5451059371816304
0.9949644206314283        0.9819249273461828       0.5451059371816304
0.9824496326510915        0.9943714229151098       0.5451059371816304
0.9882611546129636        0.9842429768756171       0.5451059371816304
0.9982455313617482        0.9826080210027281       0.5451059371816304
0.9854315818375743        0.9980719078177902       0.5451059371816304
0.9951958320241878        0.9820862868560039       0.5451059371816304
0.9824246963674277        0.9943747078194802       0.5451059371816304
0.988849301526715         0.9876750210795247       0.6015983632589524
0.9845467647060403        0.9945103440121202       0.6015983632589524
0.9980018645204813        0.9853741329075438       0.6015983632589524
0.9875159824805049        1                        0.6015983632589524
0.9859664641456525        0.9974713595160807       0.6015983632589524
0.9977275552483651        0.9853133568683008       0.6015983632589524
0.9950262930760424        0.9845104656480206       0.6015983632589524
1                         0.9839801059631428       0.6015983632589524
0.9857478694157191        0.9975815040729537       0.6015983632589524
0.9835915147468106        0.994636180917416        0.6015983632589524
0.9976492327016379        0.9854571776091281       0.6015983632589524
0.9901008263465172        0.9891573353344024       0.6580907893362747
0.9866438967609891        0.9946492651091308       0.6580907893362747
0.9997122475226154        0.98677697482375         0.6580907893362747
0.9881907942383138        1                        0.6580907893362747
0.9869386049133535        0.9975004294316375       0.6580907893362747
0.9977356244751039        0.9863390336671228       0.6580907893362747
0.9950638111451175        0.9866147318071896       0.6580907893362747
1                         0.9865762203149072       0.6580907893362747
0.9865182548527055        0.9977122335825234       0.6580907893362747
0.9847583331261937        0.9948976540153519       0.6580907893362747
0.9971712463561783        0.9873753799372883       0.6580907893362747
0.9913523511663191        0.9906396495892802       0.7145832154135968
0.9887410288159377        0.9947881862061411       0.7145832154135968
0.9888656059961228        1                        0.7145832154135968
0.9879107456810545        0.9975294993471945       0.7145832154135968
1                         0.9876362413722484       0.7145832154135968
0.9977436937018425        0.9873647104659448       0.7145832154135968
0.9951013292141927        0.9887189979663589       0.7145832154135968
0.9872886402896919        0.9978429630920932       0.7145832154135968
0.9998360776410272        0.9878282996381891       0.7145832154135968
0.9859251515055766        0.9951591271132877       0.7145832154135968
0.9966932600107186        0.9892935822654482       0.7145832154135968
0.9926038759861215        0.9921219638441579       0.7710756414909189
0.9908381608708866        0.9949271073031516       0.7710756414909189
0.9895404177539318        1                        0.7710756414909189
0.9888828864487558        0.9975585692627515       0.7710756414909189
1                         0.9883855600769585       0.7710756414909189
0.9977517629285811        0.9883903872647668       0.7710756414909189
0.9951388472832676        0.9908232641255279       0.7710756414909189
0.9880590257266783        0.9979736926016629       0.7710756414909189
0.9996389990520478        0.9888085238294396       0.7710756414909189
0.9870919698849595        0.9954206002112235       0.7710756414909189
0.9962152736652587        0.9912117845936081       0.7710756414909189
0.9938554008059236        0.9936042780990356       0.827568067568241
0.9929352929258354        0.995066028400162        0.827568067568241
0.9902152295117408        1                        0.827568067568241
0.9898550272164568        0.9975876391783083       0.827568067568241
1                         0.9891348787816687       0.827568067568241
0.9977598321553198        0.9894160640635885       0.827568067568241
0.9951763653523429        0.9929275302846969       0.827568067568241
0.9888294111636646        0.9981044221112327       0.827568067568241
0.9994419204630682        0.98978874802069         0.827568067568241
0.9882587882643425        0.9956820733091594       0.827568067568241
0.9957372873197992        0.9931299869217681       0.827568067568241
0.9951069256257258        0.9950865923539133       0.884060493645563
0.995032424980784         0.9952049494971724       0.884060493645563
0.9908900412695498        1                        0.884060493645563
0.9908271679841578        0.9976167090938654       0.884060493645563
1                         0.9898841974863791       0.884060493645563
0.9977679013820584        0.9904417408624107       0.884060493645563
0.9952138834214179        0.9950317964438661       0.884060493645563
0.9895997966006509        0.9982351516208025       0.884060493645563
0.9992448418740887        0.9907689722119406       0.884060493645563
0.9894256066437255        0.9959435464070951       0.884060493645563
0.9952593009743395        0.9950481892499281       0.884060493645563
0.9915648530273586        1                        0.9405529197228853
0.9917993087518588        0.9976457790094223       0.9405529197228853
1                         0.9906335161910894       0.9405529197228853
0.9977759706087972        0.9914674176612326       0.9405529197228853
0.9905924250231085        0.9962050195050309       0.9405529197228853
0.9955517218437047        0.9955517218437047       0.9405529197228853
0.9903701820376372        0.9983658811303722       0.9405529197228853
0.9990477632851092        0.9917491964031911       0.9405529197228853
0.9922396647851677        1                        0.9970453458002074
0.9927714495195601        0.9976748489249794       0.9970453458002074
1                         0.9913828348957996       0.9970453458002074
0.9977840398355359        0.9924930944600545       0.9970453458002074
0.9917592434024916        0.9964664926029668       0.9970453458002074
0.9959185757876943        0.9959185757876943       0.9970453458002074
0.9911405674746236        0.998496610639942        0.9970453458002074
0.9988506846961298        0.9927294205944417       0.9970453458002074
0.9929144765429766        1                        1.0535377718775294
0.9937435902872611        0.9977039188405363       1.0535377718775294
1                         0.9921321536005099       1.0535377718775294
0.9977921090622746        0.9935187712588764       1.0535377718775294
0.9929260617818745        0.9967279657009026       1.0535377718775294
0.9962854297316841        0.9962854297316841       1.0535377718775294
0.9919109529116099        0.9986273401495118       1.0535377718775294
0.9986536061071504        0.9937096447856923       1.0535377718775294
0.9935892883007855        1                        1.1100301979548517
0.9947157310549622        0.9977329887560932       1.1100301979548517
1                         0.9928814723052202       1.1100301979548517
0.9978001782890132        0.9945444480576984       1.1100301979548517
0.9940928801612574        0.9969894387988385       1.1100301979548517
0.9966522836756737        0.9966522836756737       1.1100301979548517
0.9926813383485964        0.9987580696590815       1.1100301979548517
0.9984565275181708        0.9946898689769428       1.1100301979548517
0.9942641000585946        1                        1.1665226240321735
0.9956878718226634        0.9977620586716502       1.1665226240321735
1                         0.9936307910099305       1.1665226240321735
0.9978082475157519        0.9955701248565203       1.1665226240321735
0.9952596985406403        0.9972509118967743       1.1665226240321735
0.9970191376196634        0.9970191376196634       1.1665226240321735
0.9934517237855827        0.9988887991686513       1.1665226240321735
0.9982594489291914        0.9956700931681933       1.1665226240321735
0.9949389118164035        1                        1.2230150501094954
0.9966600125903644        0.9977911285872072       1.2230150501094954
1                         0.9943801097146406       1.2230150501094954
0.9978163167424906        0.9965958016553423       1.2230150501094954
0.9964265169200234        0.9975123849947102       1.2230150501094954
0.9973859915636532        0.9973859915636532       1.2230150501094954
0.994222109222569         0.9990195286782211       1.2230150501094954
0.9980623703402118        0.9966503173594438       1.2230150501094954
0.9956137235742124        1                        1.2795074761868177
0.9976321533580655        0.997820198502764        1.2795074761868177
1                         0.9951294284193508       1.2795074761868177
0.9978243859692292        0.9976214784541643       1.2795074761868177
0.9975933352994063        0.997773858092646        1.2795074761868177
0.9977528455076428        0.9977528455076428       1.2795074761868177
0.9949924946595554        0.9991502581877909       1.2795074761868177
0.9978652917512324        0.9976305415506944       1.2795074761868177
0.9962885353320214        1                        1.3359999022641396
0.9957628800965417        0.9992809876973606       1.3359999022641396
0.9981022408354066        0.9981022408354066       1.3359999022641396
1                         0.9958787471240611       1.3359999022641396
0.9969633470898305        1                        1.3924923283414619
0.9965332655335281        0.9994117172069303       1.3924923283414619
0.9984472879562392        0.9984472879562392       1.3924923283414619
1                         0.9966280658287714       1.3924923283414619
0.9976381588476394        1                        1.4489847544187837
0.9973036509705144        0.9995424467165002       1.4489847544187837
0.9987923350770714        0.9987923350770714       1.4489847544187837
1                         0.9973773845334817       1.4489847544187837
0.9983129706054483        1                        1.505477180496106
0.9980740364075008        0.9996731762260699       1.505477180496106
0.9991373821979039        0.9991373821979039       1.505477180496106
1                         0.998126703238192        1.505477180496106
0.9989877823632574        1                        1.5619696065734283
0.9988444218444871        0.9998039057356397       1.5619696065734283
0.9994824293187363        0.9994824293187363       1.5619696065734283
1                         0.9988760219429021       1.5619696065734283
0.9996625941210663        1                        1.6184620326507502
0.9996148072814734        0.9999346352452094       1.6184620326507502
0.9998274764395688        0.9998274764395688       1.6184620326507502
1                         0.9996253406476124       1.6184620326507502
