(0, 0) = 1
(0, 1) = 1
(0, 2) = 1
(0, 3) = 0
(0, 4) = 2
(0, 5) = 2
(0, 6) = 2
(0, 7) = 0
(0, 8) = 3
(0, 9) = 3
(0, 10) = 3
(0, 11) = 0
(0, 12) = 4
(0, 13) = 4
(0, 14) = 4
(0, 15) = 0
(0, 16) = 5
(0, 17) = 5
(0, 18) = 5
(0, 19) = 0
(1, 0) = 6
(1, 1) = 6
(1, 2) = 6
(1, 3) = 0
(1, 4) = 7
(1, 5) = 7
(1, 6) = 7
(1, 7) = 0
(1, 8) = 8
(1, 9) = 8
(1, 10) = 8
(1, 11) = 0
(1, 12) = 9
(1, 13) = 9
(1, 14) = 9
(1, 15) = 0
(1, 16) = 10
(1, 17) = 10
(1, 18) = 10
(1, 19) = 0
(2, 0) = 11
(2, 1) = 11
(2, 2) = 11
(2, 3) = 0
(2, 4) = 12
(2, 5) = 12
(2, 6) = 12
(2, 7) = 0
(2, 8) = 13
(2, 9) = 13
(2, 10) = 13
(2, 11) = 0
(2, 12) = 14
(2, 13) = 14
(2, 14) = 14
(2, 15) = 0
(2, 16) = 15
(2, 17) = 15
(2, 18) = 15
(2, 19) = 0
(3, 0) = 16
(3, 1) = 16
(3, 2) = 16
(3, 3) = 0
(3, 4) = 17
(3, 5) = 17
(3, 6) = 17
(3, 7) = 0
(3, 8) = 18
(3, 9) = 18
(3, 10) = 18
(3, 11) = 0
(3, 12) = 19
(3, 13) = 19
(3, 14) = 19
(3, 15) = 0
(3, 16) = 20
(3, 17) = 20
(3, 18) = 20
(3, 19) = 0
(4, 0) = 21
(4, 1) = 21
(4, 2) = 21
(4, 3) = 0
(4, 4) = 22
(4, 5) = 22
(4, 6) = 22
(4, 7) = 0
(4, 8) = 23
(4, 9) = 23
(4, 10) = 23
(4, 11) = 0
(4, 12) = 24
(4, 13) = 24
(4, 14) = 24
(4, 15) = 0
(4, 16) = 25
(4, 17) = 25
(4, 18) = 25
(4, 19) = 0
(5, 0) = 26
(5, 1) = 26
(5, 2) = 26
(5, 3) = 0
(5, 4) = 27
(5, 5) = 27
(5, 6) = 27
(5, 7) = 0
(5, 8) = 28
(5, 9) = 28
(5, 10) = 28
(5, 11) = 0
(5, 12) = 29
(5, 13) = 29
(5, 14) = 29
(5, 15) = 0
(5, 16) = 30
(5, 17) = 30
(5, 18) = 30
(5, 19) = 0
(6, 0) = 31
(6, 1) = 31
(6, 2) = 31
(6, 3) = 0
(6, 4) = 32
(6, 5) = 32
(6, 6) = 32
(6, 7) = 0
(6, 8) = 33
(6, 9) = 33
(6, 10) = 33
(6, 11) = 0
(6, 12) = 34
(6, 13) = 34
(6, 14) = 34
(6, 15) = 0
(6, 16) = 35
(6, 17) = 35
(6, 18) = 35
(6, 19) = 0
(7, 0) = 36
(7, 1) = 36
(7, 2) = 36
(7, 3) = 0
(7, 4) = 37
(7, 5) = 37
(7, 6) = 37
(7, 7) = 0
(7, 8) = 38
(7, 9) = 38
(7, 10) = 38
(7, 11) = 0
(7, 12) = 39
(7, 13) = 39
(7, 14) = 39
(7, 15) = 0
(7, 16) = 40
(7, 17) = 40
(7, 18) = 40
(7, 19) = 0
(8, 0) = 41
(8, 1) = 41
(8, 2) = 41
(8, 3) = 0
(8, 4) = 42
(8, 5) = 42
(8, 6) = 42
(8, 7) = 0
(8, 8) = 43
(8, 9) = 43
(8, 10) = 43
(8, 11) = 0
(8, 12) = 44
(8, 13) = 44
(8, 14) = 44
(8, 15) = 0
(8, 16) = 45
(8, 17) = 45
(8, 18) = 45
(8, 19) = 0
(9, 0) = 46
(9, 1) = 46
(9, 2) = 46
(9, 3) = 0
(9, 4) = 47
(9, 5) = 47
(9, 6) = 47
(9, 7) = 0
(9, 8) = 48
(9, 9) = 48
(9, 10) = 48
(9, 11) = 0
(9, 12) = 49
(9, 13) = 49
(9, 14) = 49
(9, 15) = 0
(9, 16) = 50
(9, 17) = 50
(9, 18) = 50
(9, 19) = 0
(10, 0) = 51
(10, 1) = 51
(10, 2) = 51
(10, 3) = 0
(10, 4) = 52
(10, 5) = 52
(10, 6) = 52
(10, 7) = 0
(10, 8) = 53
(10, 9) = 53
(10, 10) = 53
(10, 11) = 0
(10, 12) = 54
(10, 13) = 54
(10, 14) = 54
(10, 15) = 0
(10, 16) = 55
(10, 17) = 55
(10, 18) = 55
(10, 19) = 0
(11, 0) = 56
(11, 1) = 56
(11, 2) = 56
(11, 3) = 0
(11, 4) = 57
(11, 5) = 57
(11, 6) = 57
(11, 7) = 0
(11, 8) = 58
(11, 9) = 58
(11, 10) = 58
(11, 11) = 0
(11, 12) = 59
(11, 13) = 59
(11, 14) = 59
(11, 15) = 0
(11, 16) = 60
(11, 17) = 60
(11, 18) = 60
(11, 19) = 0
(12, 0) = 61
(12, 1) = 61
(12, 2) = 61
(12, 3) = 0
(12, 4) = 62
(12, 5) = 62
(12, 6) = 62
(12, 7) = 0
(12, 8) = 63
(12, 9) = 63
(12, 10) = 63
(12, 11) = 0
(12, 12) = 64
(12, 13) = 64
(12, 14) = 64
(12, 15) = 0
(12, 16) = 65
(12, 17) = 65
(12, 18) = 65
(12, 19) = 0
(13, 0) = 66
(13, 1) = 66
(13, 2) = 66
(13, 3) = 0
(13, 4) = 67
(13, 5) = 67
(13, 6) = 67
(13, 7) = 0
(13, 8) = 68
(13, 9) = 68
(13, 10) = 68
(13, 11) = 0
(13, 12) = 69
(13, 13) = 69
(13, 14) = 69
(13, 15) = 0
(13, 16) = 70
(13, 17) = 70
(13, 18) = 70
(13, 19) = 0
(14, 0) = 71
(14, 1) = 71
(14, 2) = 71
(14, 3) = 0
(14, 4) = 72
(14, 5) = 72
(14, 6) = 72
(14, 7) = 0
(14, 8) = 73
(14, 9) = 73
(14, 10) = 73
(14, 11) = 0
(14, 12) = 74
(14, 13) = 74
(14, 14) = 74
(14, 15) = 0
(14, 16) = 75
(14, 17) = 75
(14, 18) = 75
(14, 19) = 0
(15, 0) = 76
(15, 1) = 76
(15, 2) = 76
(15, 3) = 0
(15, 4) = 77
(15, 5) = 77
(15, 6) = 77
(15, 7) = 0
(15, 8) = 78
(15, 9) = 78
(15, 10) = 78
(15, 11) = 0
(15, 12) = 79
(15, 13) = 79
(15, 14) = 79
(15, 15) = 0
(15, 16) = 80
(15, 17) = 80
(15, 18) = 80
(15, 19) = 0
(16, 0) = 81
(16, 1) = 81
(16, 2) = 81
(16, 3) = 0
(16, 4) = 82
(16, 5) = 82
(16, 6) = 82
(16, 7) = 0
(16, 8) = 83
(16, 9) = 83
(16, 10) = 83
(16, 11) = 0
(16, 12) = 84
(16, 13) = 84
(16, 14) = 84
(16, 15) = 0
(16, 16) = 85
(16, 17) = 85
(16, 18) = 85
(16, 19) = 0
(17, 0) = 86
(17, 1) = 86
(17, 2) = 86
(17, 3) = 0
(17, 4) = 87
(17, 5) = 87
(17, 6) = 87
(17, 7) = 0
(17, 8) = 88
(17, 9) = 88
(17, 10) = 88
(17, 11) = 0
(17, 12) = 89
(17, 13) = 89
(17, 14) = 89
(17, 15) = 0
(17, 16) = 90
(17, 17) = 90
(17, 18) = 90
(17, 19) = 0
(18, 0) = 91
(18, 1) = 91
(18, 2) = 91
(18, 3) = 0
(18, 4) = 92
(18, 5) = 92
(18, 6) = 92
(18, 7) = 0
(18, 8) = 93
(18, 9) = 93
(18, 10) = 93
(18, 11) = 0
(18, 12) = 94
(18, 13) = 94
(18, 14) = 94
(18, 15) = 0
(18, 16) = 95
(18, 17) = 95
(18, 18) = 95
(18, 19) = 0
(19, 0) = 96
(19, 1) = 96
(19, 2) = 96
(19, 3) = 0
(19, 4) = 97
(19, 5) = 97
(19, 6) = 97
(19, 7) = 0
(19, 8) = 98
(19, 9) = 98
(19, 10) = 98
(19, 11) = 0
(19, 12) = 99
(19, 13) = 99
(19, 14) = 99
(19, 15) = 0
(19, 16) = 100
(19, 17) = 100
(19, 18) = 100
(19, 19) = 0
